description_61_cells
120
-0.21099 0.11876 0
1.21099 0.11876 0
1.61244 0.702701 0
1.09495 1.68268 0
-0.0949481 1.68268 0
-0.612446 0.702701 0
2.68504 0.649051 0
3.16613 1.4443 0
2.57835 2.46237 0
1.55897 2.46565 0
1.02925 3.39171 0
-0.029255 3.39171 0
-0.558972 2.46565 0
-1.57835 2.46237 0
-2.16613 1.4443 0
-1.68504 0.649051 0
4.09538 1.46331 0
4.58521 2.41903 0
3.99528 3.35718 0
3.08519 3.34681 0
2.54806 4.26859 0
1.53598 4.26779 0
1.01616 5.16815 0
-0.0161633 5.16815 0
-0.535985 4.26779 0
-1.54806 4.26859 0
-2.08519 3.34681 0
-2.99528 3.35718 0
-3.58521 2.41903 0
-3.09538 1.46331 0
5.29165 2.47473 0
6.00264 3.7062 0
5.69766 4.34584 0
4.59022 4.38766 0
4.14417 5.181 0
3.07731 5.18529 0
2.57197 6.06217 0
1.53233 6.06217 0
1.01616 6.95619 0
-0.0161633 6.95619 0
-0.532326 6.06217 0
-1.57197 6.06217 0
-2.07731 5.18529 0
-3.14417 5.181 0
-3.59022 4.38766 0
-4.69766 4.34584 0
-5.00264 3.7062 0
-4.29165 2.47473 0
6.28042 5.24791 0
5.83226 6.06217 0
4.65669 6.06217 0
4.14417 6.94333 0
3.07731 6.93905 0
2.54806 7.85575 0
1.53598 7.85655 0
1.02925 8.73263 0
-0.029255 8.73263 0
-0.535985 7.85655 0
-1.54806 7.85575 0
-2.07731 6.93905 0
-3.14417 6.94333 0
-3.65669 6.06217 0
-4.83226 6.06217 0
-5.28042 5.24791 0
6.28042 6.87643 0
5.69766 7.7785 0
4.59022 7.73667 0
3.99528 8.76715 0
3.08519 8.77753 0
2.57835 9.66197 0
1.55897 9.65869 0
1.09495 10.4417 0
-0.0949481 10.4417 0
-0.558972 9.65869 0
-1.57835 9.66197 0
-2.08519 8.77753 0
-2.99528 8.76715 0
-3.59022 7.73667 0
-4.69766 7.7785 0
-5.28042 6.87643 0
6.00264 8.41814 0
5.29165 9.64961 0
4.58521 9.70531 0
4.09538 10.661 0
3.16613 10.68 0
2.68504 11.4753 0
1.61244 11.4216 0
1.21099 12.0056 0
-0.21099 12.0056 0
-0.612446 11.4216 0
-1.68504 11.4753 0
-2.16613 10.68 0
-3.09538 10.661 0
-3.58521 9.70531 0
-4.29165 9.64961 0
-5.00264 8.41814 0
1.60769 -1.3025 0
3.32633 -0.634195 0
4.88606 0.266316 0
6.32415 1.42054 0
7.43184 3.33912 0
7.71238 5.16166 0
7.71238 6.96268 0
7.43184 8.78522 0
6.32415 10.7038 0
4.88606 11.858 0
3.32633 12.7585 0
1.60769 13.4268 0
-0.607692 13.4268 0
-2.32633 12.7585 0
-3.88606 11.858 0
-5.32415 10.7038 0
-6.43184 8.78522 0
-6.71239 6.96268 0
-6.71239 5.16166 0
-6.43184 3.33912 0
-5.32415 1.42054 0
-3.88606 0.266316 0
-2.32633 -0.634195 0
-0.607692 -1.3025 0
180
0 0 1
1 1 2
2 2 3
3 3 4
4 4 5
5 5 0
6 2 6
7 6 7
8 7 8
9 8 9
10 9 3
11 9 10
12 10 11
13 11 12
14 12 4
15 12 13
16 13 14
17 14 15
18 15 5
19 7 16
20 16 17
21 17 18
22 18 19
23 19 8
24 19 20
25 20 21
26 21 10
27 21 22
28 22 23
29 23 24
30 24 11
31 24 25
32 25 26
33 26 13
34 26 27
35 27 28
36 28 29 
37 29 14
38 17 30
39 30 31
40 31 32
41 32 33
42 33 18
43 33 34
44 34 35
45 35 20
46 35 36
47 36 37
48 37 22
49 37 38
50 38 39
51 39 40
52 40 23
53 40 41
54 41 42
55 42 25
56 42 43
57 43 44
58 44 27
59 44 45
60 45 46
61 46 47
62 47 28
63 32 48
64 48 49
65 49 50
66 50 34
67 50 51
68 51 52
69 52 36
70 52 53
71 53 54
72 54 38
73 54 55
74 55 56
75 56 57
76 57 39
77 57 58
78 58 59
79 59 41
80 59 60
81 60 61
82 61 43
83 61 62
84 62 63
85 63 45
86 49 64
87 64 65
88 65 66
89 66 51
90 66 67
91 67 68
92 68 53
93 68 69
94 69 70
95 70 55
96 70 71
97 71 72
98 72 73
99 73 56
100 73 74
101 74 75
102 75 58
103 75 76
104 76 77
105 77 60
106 77 78
107 78 79
108 79 62
109 65 80
110 80 81
111 81 82
112 82 67
113 82 83
114 83 84
115 84 69
116 84 85
117 85 86
118 86 71
119 86 87
120 87 88
121 88 89
122 89 72
123 89 90
124 90 91
125 91 74
126 91 92
127 92 93
128 93 76
129 93 94
130 94 95
131 95 78
132 1 96
133 96 97
134 97 6
135 97 98
136 16 98
137 98 99
138 99 30
139 31 100
140 100 101
141 101 48
142 101 102
143 102 64
144 102 103
145 103 80
146 81 104
147 104 105
148 105 83
149 105 106
150 106 85
151 106 107
152 107 87
153 88 108
154 108 109
155 109 90
156 109 110
157 110 92
158 110 111
159 111 94
160 95 112
161 112 113
162 113 79
163 113 114
164 114 63
165 114 115
166 115 46
167 47 116
168 116 117
169 117 29
170 117 118
171 118 15
172 118 119
173 119 0
174 119 96
175 99 100
176 103 104
177 107 108
178 111 112
179 115 116
37
0 0 1 2 3 4 5
0 0 1 2 3 4 5
1 2 6 7 8 9 10
1 2 6 7 8 9 3
2 3 10 11 12 13 14
2 3 9 10 11 12 4
3 4 14 15 16 17 18
3 4 12 13 14 15 5
4 19 20 21 22 23 8
4 7 16 17 18 19 8
5 9 23 24 25 26 11
5 8 19 20 21 10 9
6 12 26 27 28 29 30
6 10 21 22 23 24 11
7 15 13 30 31 32 33
7 12 11 24 25 26 13
8 37 16 33 34 35 36
8 14 13 26 27 28 29
9 38 39 40 41 42 21
9 30 31 32 33 18 17
10 42 43 44 45 24 22
10 18 33 34 35 20 19
11 45 46 47 48 27 25
11 20 35 36 37 22 21
12 48 49 50 51 52 28
12 22 37 38 39 40 23
13 29 52 53 54 55 31
13 24 23 40 41 42 25
14 32 55 56 57 58 34
14 26 25 42 43 44 27
15 35 58 59 60 61 62
15 28 27 44 45 46 47
16 63 64 65 66 43 41
16 32 48 49 50 34 33
17 66 67 68 69 46 44
17 50 51 52 36 35 34
18 69 70 71 72 49 47
18 36 52 53 54 38 37
19 72 73 74 75 76 50
19 38 54 55 56 57 39
20 51 76 77 78 79 53
20 40 39 57 58 59 41
21 54 79 80 81 82 56
21 42 41 59 60 61 43
22 57 82 83 84 85 59
22 44 43 61 62 63 45
23 86 87 88 89 67 65
23 49 64 65 66 51 50
24 89 90 91 92 70 68
24 51 66 67 68 53 52
25 92 93 94 95 73 71
25 53 68 69 70 55 54
26 95 96 97 98 99 74
26 55 70 71 72 73 56
27 75 99 100 101 102 77
27 57 56 73 74 75 58
28 78 102 103 104 105 80
28 59 58 75 76 77 60
29 81 105 106 107 108 83
29 61 60 77 78 79 62
30 109 110 111 112 90 88
30 65 80 81 82 67 66
31 112 113 114 115 93 91
31 67 82 83 84 69 68
32 115 116 117 118 96 94
32 69 84 85 86 71 70
33 118 119 120 121 122 97
33 71 86 87 88 89 72
34 98 122 123 124 125 100
34 73 72 89 90 91 74
35 101 125 126 127 128 103
35 74 91 92 93 76 75
36 104 128 129 130 131 106
36 77 76 93 94 95 78
18
37 1 132 133 134 6
37 1 96 97 6 2
38 7 134 135 136 19
38 6 97 98 16 7
39 20 136 137 138 38
39 16 98 99 30 17
40 40 139 140 141 63
40 31 100 101 48 32
41 64 141 142 143 86
41 48 101 102 64 49
42 87 143 144 145 109
42 64 102 103 80 65
43 111 146 147 148 113
43 81 104 105 83 82
44 114 148 149 150 116
44 83 105 106 85 84
45 117 150 151 152 119
45 85 106 107 87 86
46 121 153 154 155 123
46 88 108 109 90 89
47 124 155 156 157 126
47 90 109 110 92 91
48 127 157 158 159 129
48 92 110 111 94 93
49 131 160 161 162 107
49 95 112 113 79 78
50 108 162 163 164 84
50 79 113 114 63 62
51 85 164 165 166 60
51 63 114 115 46 45
52 62 167 168 169 36
52 47 116 117 29 28
53 37 169 170 171 17
53 29 117 118 15 14
54 18 171 172 173 5
54 15 118 119 0 5
6
55 0 173 174 132
55 0 119 96 1
56 39 138 175 139
56 30 99 100 31
57 110 145 176 146
57 80 103 104 81
58 120 152 177 153
58 87 107 108 88
59 130 159 178 160
59 94 111 112 95
60 61 166 179 167
60 46 115 116 47

