division_index time_step divided_cell_index divided_cell_IsEpidermal division_axisTheta divided_cell_x divided_cell_y cell_division_count av_in_frequency_modifier av_epi_frequency_modifier 
0 100000 44 1 1.0472 3.92265 11.9904 0 1.27179e+14 7.32749e+14
1 200000 45 1 1.17416 2.26276 12.7311 1 1.27179e+14 7.03439e+14
2 200000 46 1 -1.17416 -1.26276 12.7311 1 1.27179e+14 6.76383e+14
3 300000 6 0 0.32962 0.5 4.30868 1 1.21089e+14 7.56938e+14
4 300000 13 0 1.56919 -1.14408 5.26624 1 1.17984e+14 7.56938e+14
5 300000 17 0 1.84462 3.84159 6.13624 1 1.15034e+14 7.56938e+14
6 300000 19 0 1.68435 0.5 8.25739 1 1.12228e+14 7.56938e+14
7 300000 20 0 2.29824 -1.15625 7.09459 1 1.09556e+14 7.56938e+14
8 300000 24 0 2.35378 3.81089 7.89768 1 1.07008e+14 7.56938e+14
9 300000 25 0 2.31228 2.34469 9.11703 1 1.04576e+14 7.56938e+14
10 300000 26 0 1.76828 0.619166 9.99394 1 1.02253e+14 7.56938e+14
11 300000 27 0 0.474838 -1.22912 9.19084 1 1.0003e+14 7.56938e+14
12 300000 28 0 0.341233 -2.63303 8.10362 1 9.79014e+13 7.56938e+14
13 400000 2 0 0.455771 0.654531 1.57949 1 5.0848e+12 1.12031e+15
14 400000 9 0 1.08954 5.83404 2.96674 1 4.98103e+12 1.12031e+15
15 400000 10 0 0.105829 4.27527 3.93871 1 4.88141e+12 1.12031e+15
16 400000 34 0 1.72016 -1.85738 12.1668 1 4.78569e+12 1.12031e+15
17 500000 11 0 2.44128 2.11007 4.90744 1 4.52416e+13 1.12635e+15
18 500000 36 0 1.80876 -5.77003 8.99635 1 4.4388e+13 1.12635e+15
19 500000 54 1 1.1517 -1.33548 -1.2732 1 4.4388e+13 1.08463e+15
20 500000 58 1 1.53506 0.923569 14.3144 1 4.4388e+13 1.0459e+15
21 600000 0 0 2.60926 0.915576 -0.763182 1 1.54063e+13 1.89783e+15
22 600000 18 0 0.756555 2.11547 7.64437 1 1.51262e+13 1.89783e+15
23 600000 32 0 0.72652 3.66583 12.2114 1 1.4856e+13 1.89783e+15
24 600000 33 0 1.18764 0.972496 12.855 1 1.45954e+13 1.89783e+15
25 600000 53 1 0.876667 -3.58178 -0.324481 1 1.45954e+13 1.83238e+15
26 700000 15 0 2.95278 -5.33461 2.93028 1 9.10951e+14 2.50293e+16
27 700000 52 1 0.659957 -5.64253 1.17359 1 9.10951e+14 2.4195e+16
28 800000 12 0 0.434402 0.134618 6.8629 1 9.76244e+14 1.05164e+17
29 800000 30 0 1.52252 7.40065 8.8053 1 9.59973e+14 1.05164e+17
30 800000 39 1 -0.810281 6.6756 0.477951 1 9.59973e+14 1.01771e+17
31 800000 55 1 -1.33361 1.7906 -2.48127 1 9.59973e+14 9.85908e+16
32 800000 60 1 0.209937 -7.1948 2.79416 1 9.59973e+14 9.56032e+16
33 900000 22 0 0.111137 -5.86844 5.46378 1 3.65797e+14 3.67997e+16
34 900000 40 1 -0.0503375 8.68476 4.13821 1 3.65797e+14 3.57174e+16
35 900000 48 1 -0.793903 -6.69522 11.3238 1 3.65797e+14 3.46969e+16
36 1000000 44 1 0.787946 6.36537 12.6695 1 6.25057e+14 1.72874e+17
37 1100000 14 0 1.06436 -3.76594 3.16639 1 2.9662e+14 1.54115e+17
38 1100000 51 1 -0.00566499 -7.639 4.81827 1 2.9662e+14 1.4995e+17
39 1300000 21 0 0.572425 -4.45102 5.94161 1 6.34719e+14 2.66616e+17
40 1400000 29 0 1.1388 -6.14231 8.27038 1 6.57051e+14 2.70148e+17
41 1400000 31 0 2.14648 5.83549 11.0208 1 6.46942e+14 2.70148e+17
42 1500000 70 0 1.42609 -0.390937 11.4814 2 6.91336e+14 2.67411e+17
43 1600000 61 1 1.2284 2.93485 14.836 2 6.77853e+14 2.51228e+17
44 1700000 33 0 0.674804 1.46793 13.2619 2 6.61295e+14 2.51955e+17
45 1800000 32 0 1.26922 4.82088 12.02 2 6.94108e+14 2.47611e+17
46 1900000 35 0 1.2311 -5.25972 11.8255 1 6.86491e+14 2.4601e+17
47 1900000 84 0 0.141503 -0.841364 13.8669 2 6.76684e+14 2.4601e+17
48 2000000 34 0 1.56752 -2.54573 13.5228 2 8.14987e+14 2.58847e+17
49 2000000 45 1 0.992282 5.34227 14.146 2 8.14987e+14 2.5221e+17
50 2000000 46 1 -1.25475 -2.60435 15.4624 2 8.14987e+14 2.45905e+17
51 2000000 62 1 -1.10494 -4.13494 15.0667 2 8.14987e+14 2.39907e+17
52 2000000 80 1 1.25059 0.788161 15.8908 2 8.14987e+14 2.34195e+17
53 2000000 83 0 0.857532 3.43476 13.4638 2 8.03668e+14 2.34195e+17
54 2100000 76 0 2.31337 -5.37891 13.1313 2 7.13837e+14 1.96202e+17
55 2500000 104 0 2.60422 1.10193 14.4965 3 7.16765e+14 2.11038e+17
56 2700000 71 0 1.86114 -3.43214 11.8718 2 7.32982e+14 2.31566e+17
57 2800000 33 0 1.63425 2.51983 13.4805 3 7.24452e+14 2.32489e+17
58 2800000 103 1 1.02018 3.40181 16.0063 3 7.24452e+14 2.27082e+17
59 2900000 34 0 3.1031 -2.34265 14.2587 3 6.94906e+14 2.26261e+17
60 2900000 84 0 1.56571 -0.708055 15.3637 3 6.85997e+14 2.26261e+17
61 3200000 108 0 3.05753 -4.1746 13.8892 3 7.32502e+14 2.40611e+17
62 3400000 62 1 -1.04442 -5.91213 15.7365 3 7.77786e+14 2.46183e+17
63 3400000 104 0 2.33565 1.89923 15.3772 4 7.68064e+14 2.46183e+17
64 3400000 107 0 2.19497 -0.850804 13.7552 3 7.58581e+14 2.46183e+17
65 3500000 58 1 -1.41971 -0.609143 17.7404 2 8.19608e+14 2.7321e+17
66 3900000 84 0 1.94289 0.750036 15.9405 4 8.13376e+14 2.72639e+17
67 3900000 120 0 0.901836 -1.2355 16.1318 4 8.03576e+14 2.72639e+17
68 4000000 46 1 -1.18377 -4.58816 17.0228 3 9.23218e+14 2.78001e+17
69 4100000 119 0 0.290977 -3.19352 15.8069 4 9.46382e+14 2.92325e+17
70 4200000 108 0 1.18141 -5.08819 14.9615 4 9.52944e+14 2.89735e+17
71 4200000 118 1 1.14126 4.75772 16.9098 4 9.52944e+14 2.8357e+17
72 4300000 125 1 1.49769 -0.058794 17.8827 3 9.38137e+14 2.60341e+17
73 4400000 33 0 1.0652 4.28401 14.1716 4 9.03618e+14 2.52099e+17
74 4600000 104 0 1.38239 3.43076 16.9393 5 8.80037e+14 2.35583e+17
75 4800000 123 0 1.43712 2.46411 15.2982 5 8.73192e+14 2.29415e+17
76 4900000 127 0 0.291515 -1.25475 16.2488 5 8.65069e+14 2.2467e+17
77 5100000 112 1 1.54538 1.83984 19.3255 3 8.98248e+14 2.19992e+17
78 5200000 126 0 1.57033 0.150405 16.1594 5 9.69058e+14 2.2553e+17
79 5300000 84 0 2.09253 1.14524 17.8367 5 9.28436e+14 2.18748e+17
80 5500000 118 1 0.808442 6.72761 16.6675 5 9.39822e+14 2.18159e+17
81 5500000 129 0 1.07355 -5.13976 16.4732 5 9.29607e+14 2.18159e+17
82 5600000 108 0 3.0617 -6.53656 14.8967 5 9.21929e+14 2.05203e+17
83 5600000 120 0 1.96045 -3.62385 17.5457 5 9.12121e+14 2.05203e+17
84 5700000 132 1 -1.55763 -0.51714 19.4462 4 9.22779e+14 2.20406e+17
85 5900000 115 0 1.99436 1.92004 14.0579 4 9.01878e+14 2.17566e+17
86 5900000 119 0 1.3806 -2.96671 15.5132 5 8.92483e+14 2.17566e+17
87 6100000 58 1 -1.37473 -4.08707 19.6353 3 9.1444e+14 2.21065e+17
88 6100000 126 0 0.366563 -0.195726 17.2993 6 9.05012e+14 2.21065e+17
89 6100000 133 0 0.167825 5.8167 15.263 5 8.95778e+14 2.21065e+17
90 6200000 113 0 2.97667 7.26419 14.448 3 9.32923e+14 2.15936e+17
91 6200000 125 1 -1.46981 -2.45573 20.0185 4 9.32923e+14 2.11862e+17
92 6200000 127 0 1.02598 -1.73285 17.9116 6 9.23594e+14 2.11862e+17
93 6300000 139 0 0.737577 1.32783 18.264 6 1.01526e+15 2.08551e+17
94 6900000 135 0 2.706 4.59328 15.6978 6 1.03044e+15 2.05784e+17
95 7000000 120 0 0.254389 -3.65623 18.2427 6 1.03962e+15 2.08633e+17
96 7000000 143 0 2.35785 -5.24208 18.1039 6 1.02962e+15 2.08633e+17
97 7100000 123 0 2.23024 3.23461 16.4706 6 1.08699e+15 2.19353e+17
98 7100000 127 0 0.915497 -1.92936 19.0625 7 1.07673e+15 2.19353e+17
99 7100000 137 1 1.37427 2.45665 20.9246 4 1.07673e+15 2.15291e+17
100 7200000 132 1 1.39623 -0.85854 21.0641 5 1.20751e+15 2.19344e+17
101 7200000 134 0 1.99206 4.82726 18.7504 6 1.19622e+15 2.19344e+17
102 7300000 112 1 1.09678 5.00231 20.6516 4 1.20375e+15 2.15682e+17
103 7400000 84 0 0.400832 2.92439 19.5841 6 1.1602e+15 2.10784e+17
104 7500000 139 0 0.463763 1.19263 19.3807 7 1.17543e+15 2.10977e+17
105 7500000 148 0 0.322376 -0.156511 19.2573 7 1.16475e+15 2.10977e+17
106 7800000 127 0 0.00814195 -1.98632 19.3125 8 1.24022e+15 2.12196e+17
107 8200000 146 0 2.15533 -4.7105 16.1584 6 1.30413e+15 2.2095e+17
108 8300000 158 0 1.12499 -3.17817 20.5024 8 1.31943e+15 2.32506e+17
109 8400000 84 0 2.78132 3.17812 20.4985 7 1.33279e+15 2.32774e+17
110 8400000 147 1 -0.850796 -7.56122 19.7452 4 1.33279e+15 2.2869e+17
111 8600000 143 0 2.55524 -5.85915 19.0337 7 1.4361e+15 2.42361e+17
112 8600000 148 0 2.8966 -0.145524 18.8153 8 1.42372e+15 2.42361e+17
113 8700000 139 0 0.893476 1.78303 21.018 8 1.56976e+15 2.64464e+17
114 8800000 159 1 1.43384 2.81165 22.9294 5 1.60398e+15 2.57507e+17
115 8800000 160 1 1.56056 -2.13808 23.0422 6 1.60398e+15 2.53143e+17
116 8900000 155 0 0.9294 -3.90357 18.4208 7 1.62074e+15 2.57257e+17
117 9000000 161 0 0.905425 5.27697 19.1364 7 1.57083e+15 2.47867e+17
118 9000000 164 0 1.16865 1.49759 18.6469 8 1.55774e+15 2.47867e+17
119 9100000 80 1 0.971099 8.62358 19.827 3 1.56691e+15 2.33844e+17
120 9100000 112 1 0.851595 7.21214 20.5583 5 1.56691e+15 2.3001e+17
121 9100000 166 0 1.70652 -1.8444 21.6964 9 1.55396e+15 2.3001e+17
122 9200000 127 0 2.21679 -2.07871 18.9863 9 1.55629e+15 2.21566e+17
123 9500000 139 0 2.87905 2.24092 21.3141 9 1.63493e+15 2.3108e+17
124 9600000 158 0 0.862635 -3.73635 20.2424 9 1.63404e+15 2.33213e+17
125 9700000 163 0 3.05819 4.36147 18.6129 7 1.6182e+15 2.29932e+17
126 9800000 148 0 0.93919 -0.0502185 20.6786 9 1.66002e+15 2.28991e+17
127 9900000 173 0 2.32977 1.0973 22.5382 9 1.70734e+15 2.29429e+17
128 10000000 132 1 -1.43828 -1.38317 25.0323 6 1.8178e+15 2.31268e+17
129 10100000 165 0 1.27496 -0.299807 23.6797 8 1.89825e+15 2.38665e+17
130 10300000 175 1 -1.30886 -4.69822 23.7867 7 1.90941e+15 2.36287e+17
131 10400000 182 0 1.92856 -1.95716 20.4196 10 1.93234e+15 2.41781e+17
132 10500000 181 0 0.545651 -3.64844 22.38 10 1.93909e+15 2.46368e+17
133 10700000 139 0 0.836319 3.39263 22.7312 10 1.94545e+15 2.47173e+17
134 10700000 169 0 0.828151 4.03448 20.7675 8 1.93072e+15 2.47173e+17
135 10800000 84 0 1.19274 5.35947 22.465 8 2.04947e+15 2.46212e+17
136 10800000 162 1 0.754436 7.21167 22.8776 5 2.04947e+15 2.42365e+17
137 10800000 166 0 2.08168 -2.32797 22.8204 10 2.03418e+15 2.42365e+17
138 11000000 159 1 1.16505 4.49337 25.349 6 2.16483e+15 2.43161e+17
139 11000000 183 0 3.06144 2.41279 20.6312 10 2.1488e+15 2.43161e+17
140 11100000 160 1 -1.26239 -3.72648 24.9425 7 2.23739e+15 2.40886e+17
141 11100000 187 0 2.79133 1.51653 23.1545 10 2.22094e+15 2.40886e+17
142 11300000 186 0 0.127012 0.463263 20.618 10 2.33069e+15 2.50195e+17
143 11600000 158 0 3.12963 -5.48227 21.2572 10 2.41516e+15 2.5306e+17
144 11700000 177 0 2.79452 6.73557 20.5598 8 2.44203e+15 2.59241e+17
145 11700000 191 0 0.263073 -1.345 21.4025 11 2.42458e+15 2.59241e+17
146 11800000 180 1 0.629433 8.74099 20.9132 6 2.49606e+15 2.53598e+17
147 11900000 148 0 1.67062 -0.585513 23.5979 10 2.46193e+15 2.44372e+17
148 12100000 197 0 0.269589 -3.54824 23.3835 11 2.49645e+15 2.49062e+17
149 12200000 166 0 0.490335 -2.52692 24.6027 11 2.50167e+15 2.50413e+17
150 12200000 190 1 -0.821683 -7.24157 24.198 8 2.50167e+15 2.4673e+17
151 12300000 139 0 2.48388 3.75334 23.898 11 2.55197e+15 2.53951e+17
152 12300000 165 0 2.33682 0.685323 25.8038 9 2.53437e+15 2.53951e+17
153 12400000 181 0 0.60505 -5.27403 24.1297 11 2.70964e+15 2.637e+17
154 12400000 188 1 -1.44214 -0.506799 27.7667 7 2.70964e+15 2.59878e+17
155 12600000 189 0 2.79298 -1.34708 25.6993 9 2.76496e+15 2.6516e+17
156 12800000 84 0 0.100206 6.76182 23.0294 9 2.77931e+15 2.66149e+17
157 12800000 159 1 0.752928 6.26128 26.2932 7 2.77931e+15 2.62347e+17
158 12800000 169 0 0.241452 4.85947 22.5808 9 2.76066e+15 2.62347e+17
159 12800000 183 0 0.407049 2.72832 21.4156 11 2.74226e+15 2.62347e+17
160 12800000 187 0 1.40857 2.45457 25.2042 11 2.7241e+15 2.62347e+17
161 12800000 194 0 3.05486 4.98809 20.7401 9 2.70617e+15 2.62347e+17
162 12900000 201 0 1.27567 1.57279 24.2099 11 2.99462e+15 2.62833e+17
163 13100000 162 1 0.201219 9.34098 22.9428 6 2.98749e+15 2.57758e+17
164 13200000 165 0 2.65913 -0.550304 26.819 10 2.97025e+15 2.53022e+17
165 13300000 132 1 -1.14616 -3.64254 28.4228 7 3.08245e+15 2.54615e+17
166 13400000 186 0 1.37284 0.544005 22.1701 11 3.11215e+15 2.59251e+17
167 13400000 197 0 1.12987 -4.72946 24.8659 12 3.0922e+15 2.59251e+17
168 13500000 158 0 2.45839 -7.16217 22.7929 11 3.02237e+15 2.54258e+17
169 13600000 139 0 0.390932 5.31506 26.2725 12 3.05678e+15 2.61043e+17
170 13600000 160 1 -1.06585 -5.32506 28.059 8 3.05678e+15 2.57467e+17
171 13600000 209 0 2.6324 -3.68442 26.46 12 3.03755e+15 2.57467e+17
172 13700000 173 0 2.1087 2.76451 28.1358 10 3.1663e+15 2.65733e+17
173 13700000 189 0 1.59862 -1.89187 28.0966 10 3.14663e+15 2.65733e+17
174 13800000 220 0 0.333347 3.75185 26.1429 12 3.25683e+15 2.72376e+17
175 13900000 187 0 1.46407 1.59117 26.2856 12 3.38285e+15 2.75252e+17
176 14200000 215 0 3.06712 -2.40777 26.1139 10 3.36995e+15 2.73921e+17
177 14300000 144 1 1.50269 2.25008 31.0068 5 3.38115e+15 2.69708e+17
178 14400000 201 0 0.560215 0.866108 24.5482 12 3.54696e+15 2.76517e+17
179 14500000 197 0 0.983217 -6.04248 26.3572 13 3.59215e+15 2.77515e+17
180 14500000 212 0 3.10992 1.43122 29.7109 10 3.57064e+15 2.77515e+17
181 14500000 224 0 1.01464 -0.967003 26.976 11 3.54939e+15 2.77515e+17
182 14600000 193 0 1.94749 5.11814 28.8711 11 3.72192e+15 2.81565e+17
183 14700000 188 1 -1.30516 -1.83307 31.3865 8 3.73548e+15 2.78466e+17
184 14800000 189 0 2.3085 -2.30342 29.6943 11 3.75044e+15 2.80654e+17
185 14800000 195 0 2.65655 7.57616 25.9162 9 3.72851e+15 2.80654e+17
186 14800000 209 0 1.31886 -5.12891 27.7338 13 3.70683e+15 2.80654e+17
187 14900000 139 0 0.791295 6.2954 27.1046 13 3.76663e+15 2.84623e+17
188 14900000 165 0 2.84928 0.029058 29.9723 11 3.74498e+15 2.84623e+17
189 14900000 181 0 1.23776 -7.93421 25.255 12 3.72358e+15 2.84623e+17
190 15000000 174 1 1.12723 5.18122 31.0585 6 3.85989e+15 2.84394e+17
191 15000000 217 1 0.741989 7.84315 29.0299 8 3.85989e+15 2.807e+17
192 15100000 173 0 1.4903 3.07398 30.0142 11 3.97476e+15 2.83702e+17
193 15300000 235 0 2.43476 0.618755 27.4428 13 4.03071e+15 2.86197e+17
194 15400000 225 1 -1.09955 -5.06443 31.0912 8 4.08797e+15 2.85822e+17
195 15500000 187 0 2.60051 2.7227 26.0338 13 4.1147e+15 2.89589e+17
196 15500000 234 0 2.30278 4.25432 27.707 13 4.09172e+15 2.89589e+17
197 15600000 220 0 3.13096 4.6156 25.7563 13 4.15592e+15 2.93507e+17
198 15600000 224 0 2.75836 -2.17713 28.1074 12 4.13296e+15 2.93507e+17
199 15700000 229 0 2.27478 6.31718 25.6075 13 4.22544e+15 2.96058e+17
200 15700000 232 0 1.75503 2.78494 29.0084 11 4.20235e+15 2.96058e+17
201 15800000 233 0 1.80845 -5.30586 29.2119 11 4.24113e+15 2.97775e+17
202 15800000 237 1 1.24534 3.3484 33.1287 6 4.24113e+15 2.94006e+17
203 15900000 215 0 3.04941 -3.55962 27.6464 11 4.34321e+15 2.99397e+17
204 16000000 244 0 2.54055 -3.75654 30.7959 12 4.39453e+15 3.0351e+17
205 16200000 212 0 2.48615 1.26518 30.3786 11 4.46618e+15 3.09355e+17
206 16400000 132 1 -1.06346 -7.87791 30.2421 8 4.58894e+15 3.10672e+17
207 16400000 225 1 -0.970885 -6.29787 31.3067 9 4.58894e+15 3.06837e+17
208 16500000 165 0 2.56164 0.268323 31.9587 12 4.67364e+15 3.15863e+17
209 16500000 235 0 1.73223 1.16238 27.6709 14 4.64891e+15 3.15863e+17
210 16600000 252 0 1.96517 3.72074 31.9309 12 4.73928e+15 3.19382e+17
211 16700000 189 0 1.63816 -1.48694 31.9929 12 4.76053e+15 3.21426e+17
212 16700000 209 0 0.00346116 -5.90259 27.6357 14 4.73573e+15 3.21426e+17
213 16700000 224 0 2.18834 -2.60189 29.7772 13 4.7112e+15 3.21426e+17
214 16800000 201 0 0.571345 0.276792 26.0216 13 4.86768e+15 3.33712e+17
215 16800000 243 1 -1.37674 -0.772777 34.6048 9 4.86768e+15 3.29642e+17
216 16800000 247 0 2.48902 7.82644 28.3212 14 4.84272e+15 3.29642e+17
217 16900000 139 0 0.575665 9.29951 27.0717 14 4.94148e+15 3.33086e+17
218 16900000 197 0 0.0960971 -9.1377 26.2629 14 4.9164e+15 3.33086e+17
219 16900000 240 0 2.12424 3.19552 33.5075 11 4.89157e+15 3.33086e+17
220 16900000 246 0 1.44471 -8.02562 27.4451 14 4.86699e+15 3.33086e+17
221 16900000 248 0 0.208434 -0.76549 30.875 12 4.84265e+15 3.33086e+17
222 16900000 253 0 0.816873 -1.60355 28.6884 14 4.81856e+15 3.33086e+17
223 17000000 200 1 -0.193991 -11.2534 25.9618 8 5.10398e+15 3.34613e+17
224 17000000 234 0 0.134479 6.19576 29.5127 14 5.07871e+15 3.34613e+17
225 17100000 214 1 -1.44309 1.93699 35.7174 8 5.23888e+15 3.38107e+17
226 17100000 251 1 0.226085 10.6996 29.3183 9 5.23888e+15 3.34129e+17
227 17100000 264 0 2.12382 -4.85403 31.7063 13 5.21307e+15 3.34129e+17
228 17200000 232 0 0.31731 3.05187 29.8054 12 5.30462e+15 3.38222e+17
229 17400000 258 0 0.320112 -3.05367 27.6586 13 5.41795e+15 3.4079e+17
230 17500000 260 0 0.635016 4.6233 31.0348 12 5.43684e+15 3.41306e+17
231 17500000 261 0 1.88677 -8.05545 29.9747 12 5.41057e+15 3.41306e+17
232 17600000 212 0 2.35319 1.37998 30.2918 12 5.54182e+15 3.4714e+17
233 17700000 225 1 -0.978486 -6.60431 33.5152 10 5.66788e+15 3.48021e+17
234 17900000 215 0 1.55906 -5.17193 29.6733 12 5.73061e+15 3.54724e+17
235 17900000 263 0 1.73277 -4.82598 27.3848 12 5.70332e+15 3.54724e+17
236 18000000 173 0 1.26491 6.82334 32.4117 12 5.67001e+15 3.52922e+17
237 18000000 224 0 1.83765 -2.43997 32.1749 14 5.64326e+15 3.52922e+17
238 18000000 250 1 0.837687 8.72445 33.6648 7 5.64326e+15 3.48865e+17
239 18000000 281 0 0.708932 -0.264589 31.004 13 5.61677e+15 3.48865e+17
240 18100000 231 0 2.5794 -5.186 25.2883 13 5.75236e+15 3.53263e+17
241 18100000 253 0 1.37959 -1.87242 30.2641 15 5.72561e+15 3.53263e+17
242 18100000 254 1 -1.09052 -5.37344 35.3661 9 5.72561e+15 3.49248e+17
243 18100000 255 0 2.22131 3.95743 27.0079 14 5.6991e+15 3.49248e+17
244 18100000 256 0 0.338292 5.22675 28.6736 14 5.67284e+15 3.49248e+17
245 18100000 257 0 1.1154 5.96441 26.7553 14 5.64682e+15 3.49248e+17
246 18100000 262 1 1.01726 7.52911 34.8454 7 5.64682e+15 3.45324e+17
247 18200000 232 0 1.20028 3.52228 29.4774 13 5.90106e+15 3.56318e+17
248 18200000 268 0 0.894586 0.617385 33.2238 13 5.87423e+15 3.56318e+17
249 18300000 242 0 1.17233 9.61375 31.7984 12 5.9225e+15 3.57595e+17
250 18300000 265 0 1.07164 2.15717 33.6122 12 5.89583e+15 3.57595e+17
251 18300000 270 0 2.05286 3.7742 34.0658 13 5.86939e+15 3.57595e+17
252 18300000 284 0 1.91734 7.7743 31.1036 15 5.84318e+15 3.57595e+17
253 18300000 287 0 1.11526 -6.66728 32.1737 14 5.81721e+15 3.57595e+17
254 18300000 288 0 1.81592 3.69083 31.721 13 5.79147e+15 3.57595e+17
255 18400000 244 0 0.867509 -4.72342 35.2935 13 5.95286e+15 3.63835e+17
256 18400000 247 0 0.747284 10.1082 29.5037 15 5.92676e+15 3.63835e+17
257 18400000 264 0 2.74684 -6.01664 33.8103 14 5.90087e+15 3.63835e+17
258 18500000 233 0 1.27689 -8.59133 31.4326 12 6.00813e+15 3.67342e+17
259 18500000 234 0 0.261545 7.87689 28.9096 15 5.98212e+15 3.67342e+17
260 18600000 165 0 2.28212 0.676325 36.7556 13 6.00047e+15 3.65099e+17
261 18600000 188 1 -1.41713 -3.80398 38.0069 9 6.00047e+15 3.61042e+17
262 18600000 225 1 -0.837022 -8.02276 35.0192 11 6.00047e+15 3.57075e+17
263 18700000 252 0 2.72982 6.51895 35.706 13 6.16605e+15 3.66486e+17
264 18700000 271 0 2.8614 -2.92281 36.6066 13 6.1397e+15 3.66486e+17
265 18700000 273 0 1.64548 -4.96251 31.3778 14 6.11358e+15 3.66486e+17
266 18700000 279 0 1.12772 3.00568 36.1583 12 6.08767e+15 3.66486e+17
267 18800000 189 0 0.721022 -1.35327 36.9109 13 6.37378e+15 3.75201e+17
268 18800000 296 0 0.397991 7.88248 34.1537 13 6.347e+15 3.75201e+17
269 18900000 240 0 0.588883 5.13518 37.2077 12 6.44777e+15 3.76037e+17
270 18900000 285 1 1.55234 3.79132 38.6924 9 6.44777e+15 3.7195e+17
271 19000000 237 1 0.854812 7.23199 38.2229 7 6.62323e+15 3.70905e+17
272 19000000 243 1 -1.5248 -0.453252 39.3478 10 6.62323e+15 3.66959e+17
273 19100000 290 0 2.55168 6.06045 33.6507 13 6.67464e+15 3.684e+17
274 19100000 310 0 1.66685 1.47416 35.8583 13 6.64695e+15 3.684e+17
275 19300000 281 0 2.53821 -1.42689 32.6482 14 6.78103e+15 3.73983e+17
276 19400000 297 0 0.813391 -5.18798 33.0928 15 6.85096e+15 3.78341e+17
277 19500000 212 0 1.62802 1.7394 31.7595 13 6.84337e+15 3.79211e+17
278 19500000 224 0 0.3179 -3.05911 33.5586 15 6.81544e+15 3.79211e+17
279 19500000 326 0 0.833642 4.09672 36.6483 13 6.78773e+15 3.79211e+17
280 19600000 265 0 2.09491 2.62057 34.3589 13 6.93981e+15 3.82656e+17
281 19700000 244 0 2.65403 -6.01886 37.0057 14 7.03533e+15 3.86309e+17
282 19700000 317 0 1.84535 -8.20439 33.7953 15 7.00708e+15 3.86309e+17
283 19800000 225 1 -0.748473 -9.4072 35.8177 12 7.09219e+15 3.87788e+17
284 19800000 268 0 1.84853 -0.240135 35.4439 14 7.06382e+15 3.87788e+17
285 19800000 308 0 2.45014 0.676595 33.5373 14 7.03567e+15 3.87788e+17
286 19900000 324 0 2.93816 -3.65426 36.8463 14 7.24833e+15 4.00024e+17
287 20000000 248 0 0.132528 -2.36904 34.8858 13 7.30269e+15 4.04227e+17
288 20000000 302 1 -0.824604 -8.1014 37.8806 10 7.30269e+15 4.00016e+17
289 20000000 306 1 0.574961 11.774 35.4004 8 7.30269e+15 3.95893e+17
290 20000000 311 0 0.303845 4.39381 34.2052 14 7.27394e+15 3.95893e+17
291 20100000 165 0 1.61506 0.0998886 38.9317 14 7.47165e+15 4.00233e+17
292 20100000 173 0 0.773608 10.6937 33.4901 13 7.44247e+15 4.00233e+17
293 20100000 270 0 0.657474 6.13115 35.3722 14 7.41351e+15 4.00233e+17
294 20100000 315 0 2.39066 -5.70285 35.3841 14 7.38477e+15 4.00233e+17
295 20100000 329 0 1.69999 7.29719 37.5956 13 7.35626e+15 4.00233e+17
296 20200000 214 1 -1.40881 2.01714 41.9406 9 7.64544e+15 4.018e+17
297 20200000 327 0 1.17065 -1.84931 37.6315 14 7.61604e+15 4.018e+17
298 20200000 334 0 0.464721 1.63438 36.8702 14 7.58686e+15 4.018e+17
299 20300000 264 0 1.42006 -7.98977 36.1029 15 7.74854e+15 4.06294e+17
300 20300000 320 0 1.25291 1.86493 40.4753 14 7.71908e+15 4.06294e+17
301 20300000 323 0 0.960153 8.044 36.1857 14 7.68984e+15 4.06294e+17
302 20400000 328 0 2.706 10.5949 35.2494 14 7.93496e+15 4.10602e+17
303 20500000 243 1 -1.4033 -0.543927 41.9896 11 7.94472e+15 4.05497e+17
304 20500000 330 1 1.25203 5.78611 41.7557 10 7.94472e+15 4.01442e+17
305 20600000 240 0 1.83383 7.2372 39.7169 13 8.0892e+15 4.05864e+17
306 20700000 265 0 2.38835 2.82161 34.3916 14 8.12536e+15 4.07342e+17
307 20900000 165 0 1.65467 -1.34696 39.8163 15 8.16015e+15 4.10911e+17
308 20900000 268 0 0.66799 0.204936 37.4702 15 8.12982e+15 4.10911e+17
309 20900000 308 0 1.1092 0.772456 34.5243 15 8.0997e+15 4.10911e+17
310 20900000 310 0 2.71251 3.43901 39.2534 14 8.06982e+15 4.10911e+17
311 20900000 313 0 0.723301 -8.46421 31.5304 15 8.04015e+15 4.10911e+17
312 20900000 339 0 1.99877 4.96211 38.3404 14 8.0107e+15 4.10911e+17
313 20900000 341 0 0.288475 -7.25489 37.4561 15 7.98146e+15 4.10911e+17
314 21100000 244 0 2.96346 -6.75544 39.0974 15 8.22928e+15 4.20092e+17
315 21200000 262 1 0.540351 12.7441 37.5139 8 8.2856e+15 4.17637e+17
316 21200000 317 0 2.39495 -9.38384 34.3415 16 8.25558e+15 4.17637e+17
317 21200000 334 0 1.15954 1.52291 38.2842 15 8.22578e+15 4.17637e+17
318 21200000 346 0 2.04574 -4.77727 37.1477 15 8.19619e+15 4.17637e+17
319 21300000 224 0 1.81975 -4.22571 34.9957 16 8.46398e+15 4.2722e+17
320 21300000 225 1 -0.450363 -11.3852 36.198 13 8.46398e+15 4.23031e+17
321 21300000 252 0 1.99788 11.0622 37.4399 14 8.43376e+15 4.23031e+17
322 21300000 254 1 -0.743543 -8.99437 40.524 10 8.43376e+15 4.18924e+17
323 21300000 351 0 1.6123 0.520895 41.3767 15 8.40374e+15 4.18924e+17
324 21300000 357 0 1.23218 -1.4217 38.4479 15 8.37394e+15 4.18924e+17
325 21400000 279 0 2.53725 4.84406 42.2618 13 8.57687e+15 4.31983e+17
326 21400000 332 1 1.52196 -2.67775 43.7721 11 8.57687e+15 4.27829e+17
327 21400000 338 0 1.71288 -3.7052 33.4609 16 8.54667e+15 4.27829e+17
328 21500000 189 0 2.73688 -4.02739 41.8945 14 8.68657e+15 4.34663e+17
329 21500000 248 0 2.11766 -2.63122 37.719 14 8.6562e+15 4.34663e+17
330 21600000 326 0 0.019186 6.82807 41.4286 14 8.75117e+15 4.40034e+17
331 21600000 327 0 0.397768 -3.38442 39.4797 15 8.72078e+15 4.40034e+17
332 21600000 344 0 1.48408 -0.689223 36.2752 15 8.69061e+15 4.40034e+17
333 21600000 349 1 0.0491702 13.5905 33.8582 9 8.69061e+15 4.35843e+17
334 21700000 264 0 1.68581 -10.3054 37.5505 16 8.74155e+15 4.33659e+17
335 21700000 281 0 0.583408 -1.12839 33.6652 15 8.71151e+15 4.33659e+17
336 21700000 296 0 2.78318 9.56467 32.615 14 8.68168e+15 4.33659e+17
337 21700000 363 1 1.4413 -0.658582 44.0317 12 8.68168e+15 4.29568e+17
338 21700000 367 0 0.150729 -2.28092 42.4219 16 8.65205e+15 4.29568e+17
339 21800000 271 0 1.22346 -6.44471 42.3807 14 8.88794e+15 4.33755e+17
340 21800000 320 0 0.0641762 3.51221 41.3745 15 8.85781e+15 4.33755e+17
341 21800000 355 0 1.39092 10.6307 39.2054 14 8.82789e+15 4.33755e+17
342 21800000 356 1 1.43033 4.19791 44.1954 10 8.82789e+15 4.29701e+17
343 21800000 361 0 1.9443 9.16875 36.955 15 8.79816e+15 4.29701e+17
344 21900000 165 0 0.0069229 -0.974937 42.3807 16 8.98698e+15 4.33971e+17
345 21900000 268 0 2.07139 0.497765 40.6466 16 8.95693e+15 4.33971e+17
346 21900000 290 0 2.27016 7.65787 33.1363 14 8.92707e+15 4.33971e+17
347 21900000 341 0 2.77191 -9.38585 39.3732 16 8.89741e+15 4.33971e+17
348 22000000 237 1 0.763781 12.0514 41.4882 8 9.13601e+15 4.38164e+17
349 22000000 275 1 -1.27761 -6.07394 44.6346 10 9.13601e+15 4.34144e+17
350 22000000 302 1 -0.700371 -11.6753 39.1217 11 9.13601e+15 4.30197e+17
351 22000000 329 0 0.523216 8.70035 38.9879 14 9.10575e+15 4.30197e+17
352 22000000 358 0 2.02418 2.57161 35.3218 15 9.0757e+15 4.30197e+17
353 22000000 364 1 1.00826 9.63352 43.1804 11 9.0757e+15 4.26322e+17
354 22100000 324 0 1.40553 -6.0309 40.5951 15 9.28268e+15 4.35597e+17
355 22100000 353 0 1.80736 7.49017 35.1125 15 9.25225e+15 4.35597e+17
356 22100000 365 0 1.12068 8.73304 42.0676 14 9.22201e+15 4.35597e+17
357 22100000 368 0 1.46889 1.3677 37.3 16 9.19197e+15 4.35597e+17
358 22100000 374 0 0.371148 -7.49385 39.1529 16 9.16213e+15 4.35597e+17
359 22200000 270 0 3.08128 7.75878 37.4015 15 9.30436e+15 2.9811e+17
360 22200000 334 0 3.09001 2.52984 40.1462 16 9.27435e+15 2.9811e+17
361 22200000 372 0 1.40821 6.42514 38.3899 15 9.24453e+15 2.9811e+17
362 22300000 310 0 0.480562 5.83443 40.722 15 9.39897e+15 3.01967e+17
363 22300000 339 0 2.12979 8.24177 40.5045 15 9.36894e+15 3.01967e+17
364 22300000 346 0 0.582435 -5.65911 38.6801 16 9.3391e+15 3.01967e+17
365 22300000 351 0 2.78582 0.497777 43.94 16 9.30945e+15 3.01967e+17
366 22300000 385 0 0.932878 5.24333 43.5119 14 9.27999e+15 3.01967e+17
367 22400000 311 0 1.333 6.1372 35.8052 15 9.64156e+15 3.09177e+17
368 22400000 370 0 1.96504 4.06004 39.7839 15 9.61124e+15 3.09177e+17
369 22500000 357 0 0.14884 -2.42301 40.3735 16 9.64537e+15 3.10803e+17
370 22500000 383 0 2.86409 1.83835 43.3238 16 9.61523e+15 3.10803e+17
371 22500000 384 0 2.03471 -1.15499 38.7039 16 9.58527e+15 3.10803e+17
372 22600000 165 0 0.955562 -0.975008 41.8564 17 9.87537e+15 3.18212e+17
373 22600000 271 0 2.07947 -6.49582 43.506 15 9.8448e+15 3.18212e+17
374 22700000 244 0 3.07968 -9.21925 42.1234 16 9.91847e+15 3.20795e+17
375 22700000 320 0 0.665998 4.076 43.102 16 9.88795e+15 3.20795e+17
376 22700000 355 0 1.85542 12.8728 40.0545 15 9.85762e+15 3.20795e+17
377 22700000 398 0 0.381478 -2.9105 43.6881 17 9.82748e+15 3.20795e+17
378 22800000 240 0 2.26612 12.3219 42.2813 14 1.00137e+16 3.25358e+17
379 22800000 327 0 2.96647 -4.1611 41.0721 16 9.98324e+15 3.25358e+17
380 22800000 404 0 1.19487 -1.03266 45.6149 17 9.95299e+15 3.25358e+17
381 22900000 254 1 -0.523687 -11.4167 42.6279 11 1.00878e+16 3.25043e+17
382 22900000 330 1 0.872661 9.18617 46.2242 11 1.00878e+16 3.22167e+17
383 22900000 364 1 1.08295 10.2952 45.1653 12 1.00878e+16 3.19341e+17
384 23100000 363 1 -1.55066 -0.428443 47.954 13 1.02635e+16 3.20872e+17
385 23100000 390 0 0.266915 8.37409 44.7235 15 1.02325e+16 3.20872e+17
386 23100000 426 0 1.23501 6.41176 44.0274 15 1.02016e+16 3.20872e+17
387 23200000 334 0 0.159543 2.69052 41.1867 17 1.03096e+16 3.23372e+17
388 23200000 351 0 2.02774 0.294151 44.012 17 1.02788e+16 3.23372e+17
389 23300000 405 0 0.767589 1.04148 42.2294 17 1.04867e+16 3.28154e+17
390 23300000 414 0 1.42567 -6.31964 42.0143 16 1.04555e+16 3.28154e+17
391 23400000 279 0 2.76478 7.17138 46.3318 14 1.04903e+16 3.28947e+17
392 23400000 346 0 2.12841 -6.50031 39.9287 17 1.04593e+16 3.28947e+17
393 23400000 388 0 1.06758 -5.39711 43.819 15 1.04284e+16 3.28947e+17
394 23400000 407 0 3.08355 -11.0903 38.6935 17 1.03977e+16 3.28947e+17
395 23400000 416 0 0.915561 11.8098 42.528 15 1.03673e+16 3.28947e+17
396 23400000 418 0 1.60319 -8.41504 38.6029 17 1.03369e+16 3.28947e+17
397 23500000 189 0 2.26471 -5.91288 46.2822 15 1.05358e+16 3.34483e+17
398 23500000 268 0 0.685186 0.849573 39.5253 17 1.05052e+16 3.34483e+17
399 23500000 326 0 1.05326 8.46888 42.0521 15 1.04747e+16 3.34483e+17
400 23500000 383 0 1.26682 2.61297 43.7895 17 1.04445e+16 3.34483e+17
401 23500000 413 1 1.00219 13.6285 44.1063 12 1.04445e+16 3.316e+17
402 23600000 275 1 -1.14621 -7.75866 47.4531 11 1.05993e+16 3.32239e+17
403 23600000 324 0 0.486695 -8.92616 40.4905 16 1.05687e+16 3.32239e+17
404 23600000 357 0 1.11777 -2.36897 39.8778 17 1.05383e+16 3.32239e+17
405 23600000 370 0 3.07371 5.00599 40.7362 16 1.05081e+16 3.32239e+17
406 23600000 398 0 1.3022 -4.35336 45.7743 18 1.04781e+16 3.32239e+17
407 23600000 402 1 1.35816 4.61993 49.1607 11 1.04781e+16 3.29424e+17
408 23600000 423 0 3.04918 10.6447 40.8836 16 1.04483e+16 3.29424e+17
409 23700000 165 0 2.82905 -0.651522 42.2941 18 1.06835e+16 3.34478e+17
410 23700000 248 0 1.91483 -3.3181 38.0843 15 1.06533e+16 3.34478e+17
411 23700000 310 0 2.87086 7.00334 40.4548 16 1.06232e+16 3.34478e+17
412 23700000 329 0 0.685212 12.4573 40.651 15 1.05932e+16 3.34478e+17
413 23700000 360 0 2.36591 2.57752 48.5371 15 1.05635e+16 3.34478e+17
414 23700000 367 0 0.989516 -4.27511 47.881 17 1.05339e+16 3.34478e+17
415 23700000 400 0 1.79024 4.12576 47.8361 16 1.05045e+16 3.34478e+17
416 23800000 320 0 0.55051 4.84237 46.2832 17 1.1014e+16 3.44885e+17
417 23800000 397 1 1.52081 -3.29175 49.6898 13 1.1014e+16 3.41987e+17
418 23800000 404 0 0.232765 -0.955413 47.5978 18 1.09834e+16 3.41987e+17
419 23800000 430 0 1.6439 2.6212 46.5164 17 1.0953e+16 3.41987e+17
420 23900000 271 0 0.0467979 -9.14082 44.8802 16 1.15219e+16 3.47377e+17
421 23900000 425 0 1.03874 0.316813 48.6048 17 1.14901e+16 3.47377e+17
422 23900000 429 0 3.04992 -2.63272 42.2533 17 1.14586e+16 3.47377e+17
423 23900000 432 0 1.94775 -2.219 44.9876 18 1.14272e+16 3.47377e+17
424 23900000 440 0 2.2809 -2.59163 47.9915 18 1.1396e+16 3.47377e+17
425 24000000 243 1 -1.51985 1.75768 51.1337 12 1.21118e+16 3.52401e+17
426 24000000 364 1 0.649293 12.7412 46.3719 13 1.21118e+16 3.49488e+17
427 24000000 385 0 1.97779 7.26189 47.9175 15 1.20788e+16 3.49488e+17
428 24000000 391 0 0.87082 -5.7869 38.8944 16 1.2046e+16 3.49488e+17
429 24000000 399 0 2.2726 -10.9643 44.7724 15 1.20134e+16 3.49488e+17
430 24100000 339 0 2.88597 9.28458 40.4483 16 1.17899e+16 3.54313e+17
431 24100000 390 0 0.178827 11.2966 44.9831 16 1.17581e+16 3.54313e+17
432 24100000 405 0 2.11495 2.18537 43.0964 18 1.17265e+16 3.54313e+17
433 24100000 433 0 1.08472 -10.6302 42.8739 16 1.1695e+16 3.54313e+17
434 24100000 445 0 1.62684 10.7455 46.8257 16 1.16638e+16 3.54313e+17
435 24200000 365 0 0.257055 13.0164 44.4537 15 1.18482e+16 3.58179e+17
436 24200000 374 0 1.19255 -11.7587 39.5052 17 1.18167e+16 3.58179e+17
437 24200000 388 0 0.180325 -7.52002 44.8777 16 1.17854e+16 3.58179e+17
438 24200000 446 0 2.14583 9.49683 45.2559 16 1.17542e+16 3.58179e+17
439 24300000 443 1 0.586457 15.2786 45.1841 13 1.18577e+16 3.56662e+17
440 24300000 453 0 0.332342 -5.77031 44.9153 16 1.18264e+16 3.56662e+17
441 24400000 334 0 2.11043 4.45733 42.7095 18 1.18793e+16 3.57166e+17
442 24400000 398 0 1.03766 -6.16217 47.4171 19 1.18482e+16 3.57166e+17
443 24400000 435 0 3.00515 5.87366 43.9447 17 1.18171e+16 3.57166e+17
444 24400000 447 0 2.8837 2.94954 41.2948 18 1.17863e+16 3.57166e+17
445 24400000 451 0 0.531482 8.52993 47.2618 15 1.17556e+16 3.57166e+17
446 24600000 383 0 1.54298 4.42352 45.5722 18 1.20149e+16 3.62317e+17
447 24600000 404 0 2.80243 -0.999157 48.4938 19 1.19838e+16 3.62317e+17
448 24600000 414 0 0.817542 -8.48136 41.8486 17 1.19528e+16 3.62317e+17
449 24600000 422 0 3.06656 7.90649 43.5785 16 1.1922e+16 3.62317e+17
450 24700000 320 0 2.81191 5.02702 48.0237 18 1.19855e+16 3.63374e+17
451 24700000 448 0 0.521726 0.464843 47.4973 18 1.19548e+16 3.63374e+17
452 24700000 469 0 0.375617 -0.767553 43.6373 19 1.19242e+16 3.63374e+17
453 24800000 367 0 1.46825 -4.72445 49.5829 18 1.2092e+16 3.65697e+17
454 24800000 430 0 2.38834 3.35106 48.2557 18 1.20612e+16 3.65697e+17
455 24900000 326 0 0.0180524 10.0997 43.2431 16 1.2165e+16 3.67342e+17
456 24900000 409 1 -0.72513 -12.4634 47.5351 11 1.2165e+16 3.64356e+17
457 24900000 466 0 1.37433 -4.33126 46.8293 19 1.21342e+16 3.64356e+17
458 25000000 327 0 2.34743 -4.61939 42.7341 17 1.22004e+16 3.6538e+17
459 25000000 388 0 1.82509 -8.44203 46.3363 17 1.21696e+16 3.6538e+17
460 25000000 390 0 1.92621 12.128 45.2458 17 1.21391e+16 3.6538e+17
461 25000000 397 1 -1.41448 -4.38793 51.9852 14 1.21391e+16 3.62433e+17
462 25000000 437 0 0.243784 -4.58061 44.7623 18 1.21086e+16 3.62433e+17
463 25000000 450 0 0.753326 -6.8505 42.5193 17 1.20784e+16 3.62433e+17
464 25000000 459 0 1.09309 11.9704 42.9994 16 1.20482e+16 3.62433e+17
465 25000000 473 0 1.48576 2.48944 51.1938 16 1.20183e+16 3.62433e+17
466 25000000 479 0 0.57138 2.08857 48.8173 18 1.19884e+16 3.62433e+17
467 25000000 480 0 0.481419 -9.97964 44.7514 17 1.19588e+16 3.62433e+17
468 25100000 434 0 1.75923 -13.9872 41.5585 17 1.22633e+16 2.39935e+17
469 25100000 449 0 0.151701 0.779591 44.6399 18 1.22331e+16 2.39935e+17
470 25100000 467 1 1.26523 6.16064 53.3744 12 1.22331e+16 2.38016e+17
471 25100000 474 0 1.53842 -7.69004 50.4446 18 1.2203e+16 2.38016e+17
472 25200000 330 1 0.9618 12.6306 50.9248 12 1.24429e+16 2.39544e+17
473 25200000 400 0 0.955751 7.20302 51.3682 17 1.24124e+16 2.39544e+17
474 25200000 433 0 2.9673 -12.3884 43.5297 17 1.2382e+16 2.39544e+17
475 25200000 460 0 1.55069 2.24456 45.9956 18 1.23518e+16 2.39544e+17
476 25200000 465 0 1.22874 5.21249 40.4158 17 1.23218e+16 2.39544e+17
477 25200000 475 0 3.01741 5.54549 51.6963 17 1.22918e+16 2.39544e+17
478 25200000 482 0 2.54552 -2.03881 43.1775 18 1.22621e+16 2.39544e+17
479 25200000 484 0 0.626662 -2.80918 49.5825 19 1.22325e+16 2.39544e+17
480 25200000 487 0 2.69432 7.97421 49.1947 16 1.2203e+16 2.39544e+17
481 25200000 497 0 2.41656 -8.23797 44.8326 17 1.21737e+16 2.39544e+17
482 25300000 402 1 1.284 8.40629 53.7281 12 1.27492e+16 2.44934e+17
483 25300000 453 0 0.666762 -5.96045 44.3008 17 1.27186e+16 2.44934e+17
484 25300000 485 1 -1.41269 0.388134 54.6833 13 1.27186e+16 2.43021e+17
485 25300000 494 0 0.956483 12.2701 49.1406 17 1.26882e+16 2.43021e+17
486 25400000 440 0 0.857736 -4.36336 52.5811 19 1.28282e+16 2.45302e+17
487 25400000 492 0 2.96517 3.13034 44.1288 19 1.27976e+16 2.45302e+17
488 25500000 370 0 2.26829 6.88319 41.6613 17 1.29699e+16 2.46661e+17
489 25500000 476 0 1.21984 7.31063 47.9405 18 1.29392e+16 2.46661e+17
490 25500000 502 0 2.89315 -7.24591 49.38 20 1.29086e+16 2.46661e+17
491 25500000 507 0 3.07315 -1.55372 51.5571 20 1.28781e+16 2.46661e+17
492 25600000 334 0 1.91705 5.55433 43.6646 19 1.30201e+16 2.50153e+17
493 25600000 367 0 0.472913 -5.24694 51.2005 19 1.29895e+16 2.50153e+17
494 25600000 399 0 1.03757 -14.0785 45.9433 16 1.29591e+16 2.50153e+17
495 25600000 491 0 3.13495 14.8785 46.9154 17 1.29288e+16 2.50153e+17
496 25600000 511 0 0.694444 0.474529 50.9327 19 1.28987e+16 2.50153e+17
497 25600000 514 0 1.37347 4.11688 50.4572 19 1.28687e+16 2.50153e+17
498 25700000 332 1 -0.989971 -10.2009 52.835 12 1.35991e+16 2.50425e+17
499 25700000 457 0 0.637798 -11.8887 48.5533 16 1.35676e+16 2.50425e+17
500 25700000 486 1 0.306629 17.2906 46.9554 14 1.35676e+16 2.48499e+17
501 25700000 505 0 3.07848 11.5798 48.4556 16 1.35362e+16 2.48499e+17
502 25700000 510 0 1.22623 7.00582 50.9204 19 1.35049e+16 2.48499e+17
503 25800000 321 1 -0.137213 -17.0907 43.4682 10 1.32926e+16 2.48233e+17
504 25800000 425 0 1.22357 0.039261 53.9876 18 1.3262e+16 2.48233e+17
505 25800000 426 0 2.08738 10.4281 47.4346 16 1.32315e+16 2.48233e+17
506 25800000 483 0 1.64625 -3.18014 46.1015 19 1.32012e+16 2.48233e+17
507 25900000 271 0 1.73026 -13.175 47.2547 17 1.30252e+16 2.50224e+17
508 25900000 404 0 3.13478 -0.819187 49.6974 20 1.29955e+16 2.50224e+17
509 25900000 432 0 0.468313 -2.17015 47.615 19 1.29659e+16 2.50224e+17
510 25900000 446 0 2.67744 11.8977 45.9197 17 1.29364e+16 2.50224e+17
511 25900000 479 0 1.72903 1.92386 51.9369 19 1.29071e+16 2.50224e+17
512 25900000 506 0 0.247264 5.0676 46.1505 19 1.28779e+16 2.50224e+17
513 26000000 388 0 0.00591194 -10.2119 46.4017 18 1.32992e+16 2.54183e+17
514 26000000 398 0 2.00688 -9.86421 49.2239 20 1.32693e+16 2.54183e+17
515 26000000 474 0 2.21175 -9.05793 51.532 19 1.32394e+16 2.54183e+17
516 26000000 500 0 2.87538 -7.13146 47.162 17 1.32098e+16 2.54183e+17
517 26000000 517 0 2.45578 -4.43459 48.6682 20 1.31802e+16 2.54183e+17
518 26000000 540 0 1.33093 9.90833 49.5691 17 1.31508e+16 2.54183e+17
519 26100000 244 0 1.81417 -16.2071 42.0984 17 1.4143e+16 2.58023e+17
520 26100000 386 1 -0.754491 -13.1149 52.0868 12 1.4143e+16 2.56068e+17
521 26100000 477 1 -1.03094 -9.15339 54.9832 14 1.4143e+16 2.54143e+17
522 26100000 489 0 1.01858 -15.4933 43.8905 16 1.41116e+16 2.54143e+17
523 26100000 512 0 2.93037 -0.428684 45.1636 20 1.40803e+16 2.54143e+17
524 26100000 526 0 0.0159733 2.66661 49.5952 19 1.40492e+16 2.54143e+17
525 26200000 385 0 1.82825 10.8517 53.4205 16 1.43025e+16 2.58314e+17
526 26200000 430 0 0.821884 4.32557 49.3922 19 1.4271e+16 2.58314e+17
527 26200000 448 0 2.66236 1.23353 49.0525 19 1.42397e+16 2.58314e+17
528 26200000 466 0 2.45458 -6.3608 49.5701 20 1.42084e+16 2.58314e+17
529 26200000 519 0 0.420601 -9.20371 47.7556 18 1.41774e+16 2.58314e+17
530 26200000 522 0 2.72523 -5.68506 46.972 19 1.41464e+16 2.58314e+17
531 26200000 531 0 2.05475 -11.2061 51.5496 19 1.41156e+16 2.58314e+17
532 26300000 351 0 2.9787 -0.871685 48.1638 18 1.67896e+16 2.65429e+17
533 26300000 451 0 1.62072 11.9179 51.5495 16 1.67532e+16 2.65429e+17
534 26300000 498 0 1.07337 14.7533 46.4805 17 1.67169e+16 2.65429e+17
535 26400000 189 0 2.86612 -13.4404 50.4642 16 1.46455e+16 2.67635e+17
536 26400000 390 0 0.113188 13.5252 44.5374 18 1.46139e+16 2.67635e+17
537 26400000 400 0 1.10577 7.60257 54.7347 18 1.45825e+16 2.67635e+17
538 26400000 449 0 2.89977 1.4686 44.5543 19 1.45512e+16 2.67635e+17
539 26400000 546 0 0.1581 -4.03761 54.5796 20 1.45201e+16 2.67635e+17
540 26500000 320 0 0.216212 6.32012 49.604 19 1.47529e+16 2.71071e+17
541 26500000 356 1 1.36472 13.0211 55.3927 11 1.47529e+16 2.69048e+17
542 26500000 383 0 0.552184 7.13937 47.062 19 1.47215e+16 2.69048e+17
543 26500000 460 0 0.53937 3.93886 46.8852 19 1.46901e+16 2.69048e+17
544 26500000 467 1 1.0977 7.88968 57.0734 13 1.46901e+16 2.67055e+17
545 26500000 485 1 1.52682 1.36783 58.3534 14 1.46901e+16 2.65091e+17
546 26500000 502 0 3.07891 -8.33515 50.5457 21 1.46589e+16 2.65091e+17
547 26500000 533 0 0.326519 9.26615 54.1761 18 1.46279e+16 2.65091e+17
548 26500000 550 0 1.37885 -7.36765 52.9596 21 1.4597e+16 2.65091e+17
549 26600000 521 1 -0.98744 -7.73945 57.1862 15 1.48699e+16 2.66291e+17
550 26600000 549 0 1.57377 8.93586 48.1549 19 1.48385e+16 2.66291e+17
551 26600000 553 0 1.93729 -5.42613 52.2886 20 1.48073e+16 2.66291e+17
552 26700000 367 0 0.502824 -6.43779 55.6671 20 1.50205e+16 2.69285e+17
553 26700000 402 1 1.31968 12.0742 55.9672 13 1.50205e+16 2.67334e+17
554 26700000 476 0 0.102147 7.56509 50.3253 19 1.4989e+16 2.67334e+17
555 26700000 510 0 0.321666 7.43023 53.3236 20 1.49577e+16 2.67334e+17
556 26700000 511 0 1.0257 0.693362 53.3459 20 1.49265e+16 2.67334e+17
557 26700000 556 0 0.717408 -0.532867 55.3113 20 1.48954e+16 2.67334e+17
558 26800000 437 0 0.743154 -4.59409 44.5412 19 1.5152e+16 2.70499e+17
559 26800000 473 0 1.31557 2.50828 57.687 17 1.51205e+16 2.70499e+17
560 26800000 513 0 2.00646 -8.48032 55.3352 19 1.50892e+16 2.70499e+17
561 26800000 537 0 2.30912 5.74959 55.3502 18 1.50581e+16 2.70499e+17
562 26800000 551 0 2.91061 -2.87759 56.6157 21 1.5027e+16 2.70499e+17
563 26900000 404 0 2.82638 -0.628034 51.1685 21 1.538e+16 2.75176e+17
564 26900000 487 0 1.30655 10.9102 52.1054 17 1.53484e+16 2.75176e+17
565 27000000 332 1 -0.666528 -12.8645 54.7062 13 1.54652e+16 2.74471e+17
566 27000000 425 0 1.07772 0.644416 58.1259 19 1.54335e+16 2.74471e+17
567 27000000 479 0 0.692501 2.40989 55.953 20 1.5402e+16 2.74471e+17
568 27000000 514 0 0.120644 5.64146 53.0268 20 1.53705e+16 2.74471e+17
569 27000000 525 0 2.70802 4.51286 56.5007 17 1.53392e+16 2.74471e+17
570 27100000 398 0 0.774446 -12.6771 49.3128 21 1.56293e+16 2.78475e+17
571 27100000 494 0 0.578774 16.3656 48.9147 18 1.55976e+16 2.78475e+17
572 27100000 517 0 1.18635 -5.74768 49.8305 21 1.5566e+16 2.78475e+17
573 27100000 539 0 0.253558 -2.97847 51.7948 20 1.55346e+16 2.78475e+17
574 27100000 569 0 0.10928 -3.51612 49.6638 20 1.55033e+16 2.78475e+17
575 27100000 571 0 0.0102304 0.489994 56.0906 20 1.54721e+16 2.78475e+17
576 27100000 574 0 0.779114 -11.4839 50.7546 21 1.5441e+16 2.78475e+17
577 27100000 584 0 2.14254 2.6174 50.1442 20 1.54101e+16 2.78475e+17
578 27200000 243 1 -1.52159 3.25055 60.9926 13 1.57396e+16 2.80495e+17
579 27200000 385 0 1.79702 14.0352 54.1463 17 1.57081e+16 2.80495e+17
580 27200000 483 0 0.0859274 -4.39646 46.7304 20 1.56768e+16 2.80495e+17
581 27200000 532 1 0.481519 18.4442 50.7604 13 1.56768e+16 2.78505e+17
582 27200000 575 0 1.07911 -11.8727 53.9436 20 1.56455e+16 2.78505e+17
583 27200000 578 0 0.116083 12.0738 49.8012 18 1.56144e+16 2.78505e+17
584 27200000 587 0 2.94029 1.32391 51.1312 20 1.55835e+16 2.78505e+17
585 27300000 430 0 2.18412 5.00539 50.2747 20 1.57229e+16 2.80342e+17
586 27300000 474 0 0.157026 -11.3511 55.6661 20 1.56919e+16 2.80342e+17
587 27300000 505 0 1.09659 14.3099 50.3515 17 1.56609e+16 2.80342e+17
588 27300000 542 1 0.992696 11.4128 58.3957 13 1.56609e+16 2.78368e+17
589 27300000 585 0 2.30376 11.9202 54.8011 17 1.56301e+16 2.78368e+17
590 27300000 608 0 2.86772 -8.17919 54.2819 22 1.55994e+16 2.78368e+17
591 27400000 507 0 1.24492 -3.02842 55.4858 21 1.57191e+16 2.79889e+17
592 27400000 546 0 1.37344 -5.63503 57.9737 21 1.56883e+16 2.79889e+17
593 27400000 557 0 3.06933 4.33255 55.047 20 1.56577e+16 2.79889e+17
594 27400000 588 0 2.53641 -8.46201 51.4238 21 1.56272e+16 2.79889e+17
595 27400000 607 0 0.297815 11.3436 56.9302 19 1.55968e+16 2.79889e+17
596 27500000 400 0 0.932114 9.89373 57.6645 19 1.57884e+16 2.82639e+17
597 27500000 451 0 2.72709 15.1411 52.3453 17 1.57578e+16 2.82639e+17
598 27500000 533 0 1.31351 9.74352 55.1703 19 1.57273e+16 2.82639e+17
599 27500000 568 0 1.33684 -1.42848 53.4764 21 1.5697e+16 2.82639e+17
600 27500000 606 0 1.11032 -10.5207 51.5117 22 1.56667e+16 2.82639e+17
601 27500000 615 0 2.83269 8.34144 56.331 21 1.56366e+16 2.82639e+17
602 27600000 540 0 1.16853 10.4176 50.3123 18 1.57825e+16 2.84259e+17
603 27600000 550 0 2.7317 -10.1882 53.7204 22 1.57523e+16 2.84259e+17
604 27600000 609 1 -1.02347 -10.7043 59.2056 16 1.57523e+16 2.82271e+17
605 27700000 473 0 2.10012 3.19474 59.9012 18 1.58147e+16 2.8326e+17
606 27700000 545 0 2.95496 17.3742 51.4004 18 1.57845e+16 2.8326e+17
607 27700000 553 0 2.99776 -6.90432 54.8919 21 1.57544e+16 2.8326e+17
608 27700000 577 0 0.811049 -5.19444 52.4511 21 1.57245e+16 2.8326e+17
609 27700000 599 0 0.0539195 -5.87801 56.8369 21 1.56946e+16 2.8326e+17
610 27700000 617 0 1.50046 -1.9422 58.1288 21 1.56649e+16 2.8326e+17
611 27800000 402 1 1.16864 15.2986 57.2275 14 1.59253e+16 2.8442e+17
612 27800000 448 0 0.699439 0.482049 48.826 20 1.58952e+16 2.8442e+17
613 27800000 478 0 0.427134 -5.26544 61.4259 19 1.58652e+16 2.8442e+17
614 27800000 556 0 1.9519 -0.973654 55.8906 21 1.58353e+16 2.8442e+17
615 27800000 564 0 1.65932 -1.74762 60.8256 19 1.58055e+16 2.8442e+17
616 27800000 586 0 2.98331 4.56135 52.4783 20 1.57759e+16 2.8442e+17
617 27800000 593 0 1.08509 13.8775 52.3785 17 1.57463e+16 2.8442e+17
618 27800000 612 0 0.973759 -8.1969 57.8318 21 1.57169e+16 2.8442e+17
619 27800000 613 1 0.752147 14.0028 58.3081 14 1.57169e+16 2.82459e+17
620 27900000 440 0 1.23576 -7.78049 61.5576 20 1.60088e+16 2.86053e+17
621 27900000 479 0 2.63618 3.13007 56.8363 21 1.5979e+16 2.86053e+17
622 27900000 506 0 1.94348 5.91869 47.8205 20 1.59493e+16 2.86053e+17
623 27900000 510 0 0.986297 8.07806 54.1169 21 1.59197e+16 2.86053e+17
624 27900000 526 0 0.483924 3.21241 53.7326 20 1.58902e+16 2.86053e+17
625 27900000 544 1 1.53567 -2.55109 63.2822 14 1.58902e+16 2.84094e+17
626 27900000 562 0 3.12713 9.77687 53.9136 20 1.58608e+16 2.84094e+17
627 27900000 600 0 2.93778 7.25797 49.7145 20 1.58316e+16 2.84094e+17
628 27900000 620 0 2.29623 -12.0302 57.2478 20 1.58024e+16 2.84094e+17
629 28000000 432 0 2.82196 -2.62072 47.1586 20 1.6087e+16 2.87918e+17
630 28000000 539 0 0.183214 -4.41754 54.1263 21 1.60575e+16 2.87918e+17
631 28000000 576 0 2.74736 -8.68447 47.3387 18 1.60281e+16 2.87918e+17
632 28100000 404 0 2.8889 -1.13547 51.7104 22 1.62472e+16 2.91616e+17
633 28100000 477 1 -0.856086 -14.274 58.2578 15 1.62472e+16 2.89632e+17
634 28100000 484 0 0.702889 -6.06588 55.1398 20 1.62176e+16 2.89632e+17
635 28100000 517 0 1.79816 -7.03873 50.9669 22 1.61881e+16 2.89632e+17
636 28100000 619 0 2.6283 2.23522 62.0787 18 1.61586e+16 2.89632e+17
637 28100000 628 0 2.85159 6.15228 55.8683 21 1.61293e+16 2.89632e+17
638 28100000 635 0 3.05827 1.28041 57.4287 21 1.61001e+16 2.89632e+17
639 28200000 607 0 2.49646 13.5413 57.6884 20 1.6372e+16 2.93993e+17
640 28300000 585 0 0.855622 15.1984 56.7978 18 1.6409e+16 2.94933e+17
641 28300000 633 0 2.64985 -2.77859 52.6565 21 1.63794e+16 2.94933e+17
642 28300000 639 0 1.70911 15.6243 54.6817 18 1.635e+16 2.94933e+17
643 28300000 649 0 2.10539 13.7714 55.162 18 1.63206e+16 2.94933e+17
644 28400000 435 0 2.20153 10.7447 46.108 18 1.63891e+16 2.9631e+17
645 28400000 476 0 0.582829 9.48165 49.5548 20 1.63597e+16 2.9631e+17
646 28400000 525 0 0.256529 5.43985 60.3214 18 1.63305e+16 2.9631e+17
647 28400000 533 0 1.66401 9.55431 56.7731 20 1.63014e+16 2.9631e+17
648 28400000 546 0 0.829344 -8.08445 60.5505 22 1.62724e+16 2.9631e+17
649 28400000 587 0 0.789467 0.768873 51.2253 21 1.62435e+16 2.9631e+17
650 28400000 597 0 1.54037 9.53035 61.285 19 1.62147e+16 2.9631e+17
651 28400000 605 1 -1.56914 -0.161354 64.8867 15 1.62147e+16 2.94308e+17
652 28400000 608 0 0.866778 -9.98216 54.7096 23 1.6186e+16 2.94308e+17
653 28400000 617 0 1.49163 -1.51028 60.1621 22 1.61574e+16 2.94308e+17
654 28400000 637 0 1.57673 3.02096 50.5542 21 1.61289e+16 2.94308e+17
655 28400000 650 0 1.66345 -10.4555 57.1662 23 1.61005e+16 2.94308e+17
656 28400000 661 0 2.31337 9.34281 59.071 22 1.60722e+16 2.94308e+17
657 28500000 425 0 1.42042 0.245928 63.3814 20 1.63242e+16 2.97691e+17
658 28500000 481 0 0.852004 -5.02654 63.5771 18 1.62956e+16 2.97691e+17
659 28500000 537 0 1.72486 8.08292 60.4922 19 1.62671e+16 2.97691e+17
660 28500000 604 1 1.09126 10.269 63.8109 14 1.62671e+16 2.95693e+17
661 28500000 653 0 2.30747 4.29424 56.4837 21 1.62387e+16 2.95693e+17
662 28500000 656 0 0.895901 11.8803 58.7008 20 1.62104e+16 2.95693e+17
663 28600000 502 0 2.71695 -10.6603 48.7548 22 1.64953e+16 2.99253e+17
664 28600000 621 0 2.19022 7.4944 59.3416 19 1.64667e+16 2.99253e+17
665 28700000 507 0 0.960891 -3.52984 58.2253 22 1.65159e+16 3.00516e+17
666 28700000 550 0 1.53668 -12.3617 53.7176 23 1.64873e+16 3.00516e+17
667 28700000 590 0 3.10116 -6.83332 48.3099 20 1.64588e+16 3.00516e+17
668 28700000 644 0 1.51795 1.48905 53.0485 21 1.64304e+16 3.00516e+17
669 28800000 360 0 0.36539 6.69349 64.5578 16 1.64205e+16 3.00736e+17
670 28800000 398 0 0.31987 -15.3606 49.3087 22 1.63923e+16 3.00736e+17
671 28800000 479 0 2.78364 3.54267 59.4854 22 1.63642e+16 3.00736e+17
672 28800000 485 1 -1.46893 1.57775 66.1356 15 1.63642e+16 2.98731e+17
673 28800000 511 0 1.10141 1.43506 55.221 21 1.63361e+16 2.98731e+17
674 28800000 564 0 1.2184 -2.25867 63.168 20 1.63082e+16 2.98731e+17
675 28800000 571 0 1.24047 0.168413 60.8202 21 1.62804e+16 2.98731e+17
676 28800000 655 0 3.05614 14.5123 59.7584 20 1.62527e+16 2.98731e+17
677 28800000 667 0 0.307973 -9.44886 56.2483 22 1.6225e+16 2.98731e+17
678 28800000 674 0 1.14423 -1.67345 58.1213 22 1.61975e+16 2.98731e+17
679 28800000 681 0 1.10636 2.68595 56.9722 22 1.617e+16 2.98731e+17
680 28900000 475 0 0.960005 9.06403 63.2595 18 1.64847e+16 3.02833e+17
681 28900000 556 0 1.08798 -0.595148 59.3975 22 1.64568e+16 3.02833e+17
682 28900000 627 0 2.22907 2.53889 61.0787 21 1.64291e+16 3.02833e+17
683 28900000 659 0 0.831511 -3.56585 56.755 22 1.64014e+16 3.02833e+17
684 28900000 665 0 1.74921 5.14628 64.4883 19 1.63739e+16 3.02833e+17
685 28900000 683 0 3.12501 8.24222 55.4317 22 1.63464e+16 3.02833e+17
686 28900000 690 0 1.76517 -5.31912 57.0228 22 1.6319e+16 3.02833e+17
687 29000000 557 0 3.06417 5.62349 59.3557 21 1.66317e+16 3.06686e+17
688 29000000 574 0 2.40297 -13.3673 49.5458 22 1.66039e+16 3.06686e+17
689 29000000 624 0 2.2299 13.7499 51.9242 18 1.65762e+16 3.06686e+17
690 29000000 626 0 0.148357 0.784652 62.8493 20 1.65487e+16 3.06686e+17
691 29000000 638 1 1.56912 5.38094 67.0503 14 1.65487e+16 3.04655e+17
692 29000000 675 0 2.0736 -5.23739 64.0982 20 1.65212e+16 3.04655e+17
693 29100000 487 0 0.0152832 12.9387 53.4394 18 1.67564e+16 3.07951e+17
694 29100000 513 0 1.66852 -14.7055 60.2216 20 1.67287e+16 3.07951e+17
695 29100000 539 0 0.320151 -4.8531 55.1184 22 1.6701e+16 3.07951e+17
696 29100000 615 0 1.22059 9.12598 58.2595 22 1.66735e+16 3.07951e+17
697 29100000 643 0 0.183537 15.0533 50.7201 19 1.6646e+16 3.07951e+17
698 29100000 713 0 1.99783 -4.12377 62.4367 23 1.66186e+16 3.07951e+17
699 29200000 363 1 -1.45626 -9.03923 66.9769 14 1.68393e+16 3.08668e+17
700 29200000 402 1 0.767722 20.6811 55.9915 15 1.68393e+16 3.06651e+17
701 29200000 473 0 1.98044 3.99021 63.9381 19 1.68116e+16 3.06651e+17
702 29200000 530 1 0.838788 10.0874 66.2269 13 1.68116e+16 3.04659e+17
703 29200000 593 0 3.08545 17.3248 51.6909 18 1.67841e+16 3.04659e+17
704 29200000 636 0 2.33603 -15.3581 51.0753 22 1.67566e+16 3.04659e+17
705 29300000 367 0 1.43237 -14.1929 61.7068 21 1.69023e+16 3.06457e+17
706 29300000 451 0 2.89116 19.3839 51.8626 18 1.68747e+16 3.06457e+17
707 29300000 510 0 2.71586 10.1249 54.7954 22 1.68472e+16 3.06457e+17
708 29300000 525 0 0.323375 6.36406 62.4257 19 1.68198e+16 3.06457e+17
709 29300000 531 0 2.26479 -17.3556 52.1635 20 1.67925e+16 3.06457e+17
710 29300000 619 0 1.17117 2.70821 66.1141 19 1.67653e+16 3.06457e+17
711 29300000 642 0 2.16407 -15.5318 53.1966 21 1.67382e+16 3.06457e+17
712 29300000 663 0 0.918695 -14.7929 56.4505 23 1.67112e+16 3.06457e+17
713 29300000 685 1 1.47318 -6.65812 67.0137 15 1.67112e+16 3.0448e+17
714 29300000 712 0 1.61386 -12.5638 55.8441 24 1.66842e+16 3.0448e+17
715 29400000 279 0 1.23522 21.4537 51.5212 15 1.68697e+16 3.06862e+17
716 29400000 478 0 0.289139 -9.90833 63.6852 20 1.68426e+16 3.06862e+17
717 29400000 575 0 0.301337 -18.342 53.5983 21 1.68155e+16 3.06862e+17
718 29400000 612 0 1.0177 -12.5889 59.7652 22 1.67886e+16 3.06862e+17
719 29400000 616 0 0.813102 -0.347544 56.9731 21 1.67617e+16 3.06862e+17
720 29400000 622 0 3.03274 -7.907 63.4901 22 1.67349e+16 3.06862e+17
721 29400000 628 0 1.03745 7.13083 55.6011 22 1.67083e+16 3.06862e+17
722 29400000 646 0 1.20607 -16.3343 54.9741 21 1.66816e+16 3.06862e+17
723 29400000 715 0 0.0774216 -14.3288 58.1277 24 1.66551e+16 3.06862e+17
724 29400000 719 0 0.91791 8.98896 62.3688 20 1.66287e+16 3.06862e+17
725 29500000 243 1 -1.55781 3.20311 68.7533 14 1.68772e+16 3.08211e+17
726 29500000 444 1 -0.973699 -12.8997 66.5591 14 1.68772e+16 3.06248e+17
727 29500000 479 0 2.00941 3.92972 59.6172 23 1.68504e+16 3.06248e+17
728 29500000 607 0 2.49279 16.386 57.5456 21 1.68238e+16 3.06248e+17
729 29500000 625 1 -0.0431341 -20.7521 52.8994 14 1.68238e+16 3.0431e+17
730 29500000 676 0 0.365262 5.96248 53.8973 21 1.67972e+16 3.0431e+17
731 29500000 697 0 2.36883 7.39575 57.9851 22 1.67707e+16 3.0431e+17
732 29500000 731 0 1.95097 4.35507 62.2771 23 1.67443e+16 3.0431e+17
733 29600000 397 1 -0.729942 -14.6802 65.4758 15 1.69454e+16 3.05244e+17
734 29600000 425 0 0.236478 -1.62414 65.9984 21 1.69188e+16 3.05244e+17
735 29600000 440 0 3.08096 -12.3048 64.7251 21 1.68922e+16 3.05244e+17
736 29600000 481 0 0.165022 -7.38723 66.203 19 1.68657e+16 3.05244e+17
737 29600000 617 0 1.36074 -2.4549 63.7025 23 1.68393e+16 3.05244e+17
738 29600000 620 0 2.22457 -17.2123 59.1835 21 1.6813e+16 3.05244e+17
739 29600000 629 0 1.50659 8.29433 65.1078 18 1.67868e+16 3.05244e+17
740 29600000 635 0 1.91273 1.38413 59.7158 22 1.67606e+16 3.05244e+17
741 29600000 651 0 0.0390589 -7.69229 59.3065 22 1.67346e+16 3.05244e+17
742 29600000 653 0 2.17186 5.03011 58.4102 22 1.67086e+16 3.05244e+17
743 29600000 674 0 0.204356 -3.11702 61.8087 23 1.66827e+16 3.05244e+17
744 29700000 526 0 1.52988 4.08887 54.2741 21 1.6956e+16 3.09485e+17
745 29700000 568 0 0.637226 -2.16386 55.463 22 1.69298e+16 3.09485e+17
746 29700000 599 0 2.57042 -9.7886 59.8746 22 1.69036e+16 3.09485e+17
747 29700000 609 1 -0.477111 -18.1932 62.5822 17 1.69036e+16 3.07551e+17
748 29700000 656 0 2.41743 15.0387 60.2731 21 1.68776e+16 3.07551e+17
749 29700000 661 0 2.46401 12.9215 59.9132 23 1.68516e+16 3.07551e+17
750 29700000 664 1 -0.579645 -18.8457 60.8379 17 1.68516e+16 3.0564e+17
751 29700000 680 0 0.839932 -14.5176 64.4033 21 1.68257e+16 3.0564e+17
752 29700000 696 0 2.57687 1.89442 65.8583 19 1.67999e+16 3.0564e+17
753 29700000 711 1 -1.48046 -2.88395 68.7701 16 1.67999e+16 3.03754e+17
754 29700000 717 0 2.31499 0.301542 67.7866 21 1.67742e+16 3.03754e+17
755 29800000 533 0 0.0155047 13.6665 57.9798 21 1.71854e+16 3.09851e+17
756 29800000 564 0 1.72232 -2.86511 66.8894 21 1.71592e+16 3.09851e+17
757 29800000 621 0 0.575203 8.89453 61.6191 20 1.7133e+16 3.09851e+17
758 29800000 668 0 2.53485 -6.99468 53.2928 22 1.71069e+16 3.09851e+17
759 29800000 708 0 1.73422 -11.8872 61.0762 23 1.70809e+16 3.09851e+17
760 29800000 720 1 0.953182 13.9514 66.2168 15 1.70809e+16 3.0795e+17
761 29800000 741 0 1.63608 -1.70359 61.8459 23 1.7055e+16 3.0795e+17
762 29800000 742 0 2.51695 2.79325 61.6413 22 1.70292e+16 3.0795e+17
763 29800000 752 0 1.93619 -6.66722 64.9798 21 1.70034e+16 3.0795e+17
764 29900000 537 0 1.33225 13.1449 62.6236 20 1.73372e+16 3.12841e+17
765 29900000 546 0 1.52216 -13.207 62.5774 23 1.7311e+16 3.12841e+17
766 29900000 553 0 0.261001 -8.63228 54.6228 22 1.7285e+16 3.12841e+17
767 29900000 556 0 2.21239 -0.841143 60.2699 23 1.7259e+16 3.12841e+17
768 29900000 557 0 2.98427 7.53976 60.7034 22 1.7233e+16 3.12841e+17
769 29900000 571 0 2.18353 0.872155 61.7923 22 1.72072e+16 3.12841e+17
770 29900000 577 0 0.603868 -5.77637 52.0134 22 1.71814e+16 3.12841e+17
771 29900000 626 0 1.64002 1.86316 63.6137 21 1.71558e+16 3.12841e+17
772 29900000 650 0 1.19771 -13.9991 57.251 24 1.71302e+16 3.12841e+17
773 29900000 670 0 2.33695 -6.98021 63.1379 22 1.71046e+16 3.12841e+17
774 29900000 683 0 2.71494 9.59859 57.0346 23 1.70792e+16 3.12841e+17
775 29900000 716 0 2.81574 15.1624 62.2051 23 1.70538e+16 3.12841e+17
776 29900000 718 0 2.55585 -9.78204 68.2016 19 1.70285e+16 3.12841e+17
777 29900000 735 0 3.09026 0.157826 64.0418 22 1.70033e+16 3.12841e+17
778 30000000 655 0 0.318628 19.3465 60.9847 21 1.74232e+16 3.19193e+17
779 30000000 675 0 2.98745 -6.17581 68.3503 21 1.73974e+16 3.19193e+17
780 30000000 707 0 0.366293 11.5973 56.8991 21 1.73718e+16 3.19193e+17
781 30000000 713 0 2.64991 -4.63191 66.3529 24 1.73462e+16 3.19193e+17
782 30000000 724 0 0.0951228 11.9456 60.9946 20 1.73207e+16 3.19193e+17
783 30000000 750 0 0.566032 1.17536 67.2435 21 1.72953e+16 3.19193e+17
784 30100000 544 1 1.48813 -5.13077 71.3448 15 1.75538e+16 3.20492e+17
785 30100000 681 0 2.40599 1.98569 57.8285 23 1.75281e+16 3.20492e+17
786 30100000 722 0 1.19047 16.1122 57.7635 21 1.75024e+16 3.20492e+17
787 30100000 761 0 2.27472 4.9433 66.8338 20 1.74768e+16 3.20492e+17
788 30200000 475 0 2.30544 13.9156 65.6101 19 1.76222e+16 3.22443e+17
789 30200000 715 0 2.28231 -17.1293 59.1983 25 1.75965e+16 3.22443e+17
790 30200000 725 0 1.87002 -6.68518 61.3396 23 1.75709e+16 3.22443e+17
791 30300000 513 0 1.06966 -18.8131 61.0607 21 1.76353e+16 3.23783e+17
792 30300000 608 0 0.420283 -11.2005 54.0763 24 1.76097e+16 3.23783e+17
793 30300000 658 0 1.38371 15.2315 55.9143 20 1.75842e+16 3.23783e+17
794 30300000 674 0 2.78232 -3.16871 63.8511 24 1.75587e+16 3.23783e+17
795 30300000 740 0 0.76192 13.3656 67.1004 19 1.75334e+16 3.23783e+17
796 30300000 787 0 0.0896114 5.75733 61.4063 24 1.75081e+16 3.23783e+17
797 30400000 605 1 -1.37916 -0.318328 72.1442 16 1.77052e+16 3.24871e+17
798 30400000 649 0 0.31562 19.1104 55.4428 19 1.76797e+16 3.24871e+17
799 30400000 738 0 0.362827 -3.00083 58.8868 23 1.76543e+16 3.24871e+17
800 30400000 758 0 1.60691 -4.86749 64.1692 24 1.76289e+16 3.24871e+17
801 30400000 784 0 2.18404 11.1993 65.6986 21 1.76036e+16 3.24871e+17
802 30400000 796 0 0.196838 -8.8887 67.699 20 1.75784e+16 3.24871e+17
803 30500000 478 0 2.1783 -12.1411 66.8557 21 1.76935e+16 3.26819e+17
804 30500000 550 0 2.07376 -13.398 53.2578 24 1.76683e+16 3.26819e+17
805 30500000 617 0 0.0854137 -1.40123 66.0975 24 1.76431e+16 3.26819e+17
806 30500000 619 0 1.94864 5.74215 70.5599 20 1.76179e+16 3.26819e+17
807 30500000 661 0 0.390836 14.3128 61.2624 24 1.75929e+16 3.26819e+17
808 30500000 696 0 2.07382 3.3697 69.1271 20 1.75679e+16 3.26819e+17
809 30500000 739 0 0.525659 3.23123 57.0718 23 1.7543e+16 3.26819e+17
810 30600000 425 0 0.64116 -0.638239 71.0905 22 1.78418e+16 3.31143e+17
811 30600000 440 0 2.87095 -15.1752 66.8481 22 1.78165e+16 3.31143e+17
812 30600000 507 0 0.682122 -4.976 62.3503 23 1.77914e+16 3.31143e+17
813 30600000 585 0 0.80919 21.4181 55.3697 19 1.77663e+16 3.31143e+17
814 30600000 743 0 2.77843 -4.64732 59.5031 23 1.77413e+16 3.31143e+17
815 30600000 744 0 0.655839 10.2534 70.5069 20 1.77163e+16 3.31143e+17
816 30600000 747 0 1.30627 7.59295 64.4871 22 1.76914e+16 3.31143e+17
817 30600000 752 0 2.45058 -6.83101 66.9849 22 1.76666e+16 3.31143e+17
818 30600000 759 1 -0.968598 -12.7757 70.3987 15 1.76666e+16 3.29148e+17
819 30600000 792 0 0.0674862 7.01227 66.857 24 1.76419e+16 3.29148e+17
820 30700000 521 1 -0.566949 -19.6767 64.9739 16 1.79936e+16 3.31885e+17
821 30700000 629 0 0.835787 10.8583 67.8508 19 1.79684e+16 3.31885e+17
822 30700000 671 1 0.33731 23.3745 56.7394 15 1.79684e+16 3.2991e+17
823 30700000 697 0 1.97905 8.17486 58.1401 23 1.79433e+16 3.2991e+17
824 30700000 768 0 2.12179 9.26865 66.1603 20 1.79183e+16 3.2991e+17
825 30700000 776 0 3.09962 -12.5416 64.6872 21 1.78933e+16 3.2991e+17
826 30700000 821 0 2.33002 -1.97889 62.8081 24 1.78684e+16 3.2991e+17
827 30800000 360 0 2.62135 13.4287 69.9908 17 1.80479e+16 3.32779e+17
828 30800000 397 1 -0.916487 -17.1854 67.7634 16 1.80479e+16 3.3081e+17
829 30800000 473 0 0.443547 7.39111 70.3359 20 1.80229e+16 3.3081e+17
830 30800000 562 0 0.663961 12.6166 52.8109 21 1.79979e+16 3.3081e+17
831 30800000 564 0 0.248804 -2.23182 70.8134 22 1.7973e+16 3.3081e+17
832 30800000 698 0 1.79108 -0.0899826 57.6327 22 1.79482e+16 3.3081e+17
833 30800000 797 0 1.43546 -3.3267 68.6943 24 1.79234e+16 3.3081e+17
834 30800000 820 1 0.847705 16.9808 68.9409 16 1.79234e+16 3.28864e+17
835 30800000 822 0 2.12322 3.66477 62.6225 23 1.78987e+16 3.28864e+17
836 30800000 824 0 1.78506 16.0673 64.0946 21 1.78741e+16 3.28864e+17
837 30800000 837 0 2.36266 0.0911229 67.3965 23 1.78496e+16 3.28864e+17
838 30900000 367 0 3.01935 -19.501 63.0466 22 1.81983e+16 3.33744e+17
839 30900000 511 0 1.10287 0.400806 55.5878 22 1.81734e+16 3.33744e+17
840 30900000 622 0 1.40786 -11.0314 64.9093 23 1.81485e+16 3.33744e+17
841 30900000 680 0 2.3501 -18.1599 65.1606 22 1.81237e+16 3.33744e+17
842 30900000 690 0 0.253592 -6.76445 60.009 23 1.8099e+16 3.33744e+17
843 30900000 716 0 0.406389 17.01 62.0443 24 1.80743e+16 3.33744e+17
844 30900000 717 0 2.96057 1.62692 72.1913 22 1.80497e+16 3.33744e+17
845 30900000 719 0 0.815659 12.8089 64.6406 21 1.80252e+16 3.33744e+17
846 30900000 732 1 -1.49372 2.15821 74.3834 16 1.80252e+16 3.31793e+17
847 30900000 734 0 1.73175 -5.25128 71.5718 21 1.80008e+16 3.31793e+17
848 30900000 736 0 2.50971 19.1751 59.4493 21 1.79764e+16 3.31793e+17
849 30900000 795 0 1.0058 -14.8551 65.0909 22 1.7952e+16 3.31793e+17
850 30900000 828 0 0.983735 8.83457 62.6972 23 1.79278e+16 3.31793e+17
851 30900000 839 0 2.49804 -7.39614 70.0624 22 1.79036e+16 3.31793e+17
852 31000000 479 0 2.51653 3.93134 60.6382 24 1.81953e+16 3.36024e+17
853 31000000 557 0 0.704172 7.79472 60.9557 23 1.81708e+16 3.36024e+17
854 31000000 653 0 2.14906 5.08372 58.5109 23 1.81464e+16 3.36024e+17
855 31000000 656 0 2.6586 17.6268 59.328 22 1.8122e+16 3.36024e+17
856 31000000 674 0 1.10966 -3.34976 66.7557 25 1.80977e+16 3.36024e+17
857 31000000 708 0 1.9033 -15.0752 60.8218 24 1.80735e+16 3.36024e+17
858 31000000 729 0 1.79306 12.7681 72.0801 17 1.80493e+16 3.36024e+17
859 31000000 772 0 1.7683 -19.4577 55.5653 24 1.80252e+16 3.36024e+17
860 31000000 801 0 0.975095 -10.2789 59.5236 23 1.80012e+16 3.36024e+17
861 31000000 802 0 1.63005 6.97301 59.2454 23 1.79772e+16 3.36024e+17
862 31000000 814 0 2.55389 3.34063 73.1838 22 1.79533e+16 3.36024e+17
863 31000000 817 0 2.37907 11.5124 62.99 21 1.79295e+16 3.36024e+17
864 31000000 831 0 1.19614 1.88729 66.0355 22 1.79057e+16 3.36024e+17
865 31100000 571 0 2.67045 1.2107 64.1746 23 1.83013e+16 3.41329e+17
866 31100000 621 0 0.468002 11.0217 65.1009 21 1.82771e+16 3.41329e+17
867 31100000 673 0 2.71944 -14.5895 69.7331 20 1.8253e+16 3.41329e+17
868 31100000 678 0 0.226638 -14.5053 58.9954 22 1.82289e+16 3.41329e+17
869 31100000 706 0 1.3554 9.64815 71.273 19 1.82049e+16 3.41329e+17
870 31100000 740 0 1.32243 16.7935 68.3365 20 1.81809e+16 3.41329e+17
871 31100000 765 0 2.61263 -18.9168 62.786 22 1.81571e+16 3.41329e+17
872 31100000 780 0 0.746946 -12.1213 67.322 23 1.81332e+16 3.41329e+17
873 31100000 781 0 1.21421 6.67953 57.2176 23 1.81095e+16 3.41329e+17
874 31100000 800 0 0.912711 1.99341 61.6332 23 1.80858e+16 3.41329e+17
875 31100000 813 1 -1.34146 -4.03039 74.5395 17 1.80858e+16 3.39345e+17
876 31100000 836 0 2.3532 -12.5353 70.4097 20 1.80621e+16 3.39345e+17
877 31100000 848 0 0.92628 16.295 66.3957 20 1.80385e+16 3.39345e+17
878 31200000 481 0 1.97708 -9.50019 72.689 20 1.83016e+16 3.42808e+17
879 31200000 525 0 1.21094 9.08221 68.9894 20 1.82778e+16 3.42808e+17
880 31200000 546 0 1.87872 -17.382 63.4075 24 1.8254e+16 3.42808e+17
881 31200000 556 0 0.556629 -2.09622 59.8402 24 1.82303e+16 3.42808e+17
882 31200000 612 0 0.720664 -18.2169 60.9668 23 1.82066e+16 3.42808e+17
883 31200000 638 1 1.33054 10.4617 75.4462 15 1.82066e+16 3.40826e+17
884 31200000 669 0 1.86159 -12.0443 58.4319 22 1.81831e+16 3.40826e+17
885 31200000 751 1 1.25777 12.1908 74.8563 15 1.81831e+16 3.38868e+17
886 31200000 778 0 1.78724 -16.6715 58.9003 23 1.81595e+16 3.38868e+17
887 31200000 794 0 0.972201 -0.856407 70.4074 22 1.81361e+16 3.38868e+17
888 31200000 816 0 0.46843 -3.92269 72.2863 22 1.81127e+16 3.38868e+17
889 31200000 841 0 2.83053 -6.11809 68.7476 25 1.80893e+16 3.38868e+17
890 31200000 862 0 2.90697 -10.8968 69.0903 21 1.8066e+16 3.38868e+17
891 31300000 623 0 0.410224 -0.952508 53.7171 22 1.83451e+16 3.42777e+17
892 31300000 635 0 0.376495 0.180083 60.379 23 1.83215e+16 3.42777e+17
893 31300000 665 0 1.49927 9.13729 74.644 20 1.8298e+16 3.42777e+17
894 31300000 724 0 1.49462 14.4526 62.5775 21 1.82746e+16 3.42777e+17
895 31300000 725 0 2.50974 -7.77003 64.1308 24 1.82513e+16 3.42777e+17
896 31300000 750 0 1.56832 1.08545 71.1469 22 1.82279e+16 3.42777e+17
897 31300000 752 0 2.9823 -8.09213 69.6458 23 1.82047e+16 3.42777e+17
898 31300000 754 0 0.699368 -20.8464 59.9827 21 1.81815e+16 3.42777e+17
899 31300000 758 0 2.5137 -7.49594 67.0107 25 1.81584e+16 3.42777e+17
900 31300000 770 0 1.18695 4.88825 74.5831 20 1.81353e+16 3.42777e+17
901 31300000 773 1 -1.19139 -11.1453 75.0147 16 1.81353e+16 3.40818e+17
902 31300000 833 0 1.56446 -9.35482 63.9447 23 1.81123e+16 3.40818e+17
903 31300000 847 0 0.934874 5.45427 69.3813 21 1.80893e+16 3.40818e+17
904 31300000 854 0 2.13199 -4.5821 64.8504 25 1.80664e+16 3.40818e+17
905 31300000 856 0 0.432817 6.69778 63.8212 25 1.80436e+16 3.40818e+17
906 31300000 868 0 1.32368 3.27353 70.9029 21 1.80208e+16 3.40818e+17
907 31400000 444 1 -0.949274 -17.3773 71.7597 15 1.85484e+16 3.45616e+17
908 31400000 744 0 2.00787 12.3711 73.6128 21 1.8525e+16 3.45616e+17
909 31400000 811 0 1.69722 -19.5959 65.0975 22 1.85017e+16 3.45616e+17
910 31400000 812 0 3.10369 4.41148 68.7567 20 1.84784e+16 3.45616e+17
911 31400000 823 0 2.09374 -10.8281 66.805 22 1.84552e+16 3.45616e+17
912 31400000 843 0 1.26403 2.83496 69.763 22 1.8432e+16 3.45616e+17
913 31400000 865 0 2.13869 -2.58425 70.0279 25 1.84089e+16 3.45616e+17
914 31400000 877 0 0.683604 -9.83863 68.1617 23 1.83859e+16 3.45616e+17
915 31500000 243 1 1.26494 6.77765 77.5929 15 1.86475e+16 3.4677e+17
916 31500000 670 0 2.04112 -9.44816 65.3806 23 1.86242e+16 3.4677e+17
917 31500000 808 0 0.504516 21.4392 60.8028 22 1.86009e+16 3.4677e+17
918 31500000 842 0 1.87993 15.377 60.7777 21 1.85777e+16 3.4677e+17
919 31500000 860 0 1.97137 -5.37844 67.4905 25 1.85546e+16 3.4677e+17
920 31500000 863 0 2.49842 -16.9497 67.8581 22 1.85315e+16 3.4677e+17
921 31600000 651 0 1.42608 -11.0245 61.1074 23 1.86787e+16 3.48823e+17
922 31600000 696 0 2.19753 5.3159 73.93 21 1.86555e+16 3.48823e+17
923 31600000 735 0 1.15532 0.212786 67.4529 23 1.86324e+16 3.48823e+17
924 31600000 787 0 2.07101 5.59393 61.4094 25 1.86093e+16 3.48823e+17
925 31600000 837 0 0.576498 -0.540081 69.5873 24 1.85863e+16 3.48823e+17
926 31600000 855 0 2.26674 17.9526 69.6486 20 1.85634e+16 3.48823e+17
927 31600000 870 0 0.592532 -0.500285 75.4191 23 1.85405e+16 3.48823e+17
928 31600000 875 0 2.60368 13.4345 71.5508 21 1.85177e+16 3.48823e+17
929 31700000 478 0 1.80934 -15.2231 69.8936 22 1.87587e+16 3.52185e+17
930 31700000 629 0 1.38448 13.9733 69.2269 20 1.87356e+16 3.52185e+17
931 31700000 713 0 3.00953 -6.83099 73.9406 25 1.87126e+16 3.52185e+17
932 31700000 761 0 0.828517 7.1338 73.0316 21 1.86897e+16 3.52185e+17
933 31700000 786 1 -0.680309 -19.7578 70.575 15 1.86897e+16 3.50206e+17
934 31700000 827 0 0.394059 -1.84913 63.6767 24 1.86668e+16 3.50206e+17
935 31700000 871 0 1.53422 -20.2019 67.4789 23 1.8644e+16 3.50206e+17
936 31800000 440 0 0.01423 -19.3632 69.1743 23 1.88505e+16 3.53059e+17
937 31800000 605 1 1.44364 0.439278 78.8545 17 1.88505e+16 3.51086e+17
938 31800000 740 0 0.122273 19.6106 68.1101 21 1.88275e+16 3.51086e+17
939 31800000 792 0 0.688562 8.64162 68.2845 25 1.88046e+16 3.51086e+17
