0 37 24 0.5 6.06217 0 198.678 78.1157 120.563 3.25482 3.25845 3.25702 50.141 0.821984 0.993057 0 
100000 37 24 0.5 6.06217 0 198.678 78.1157 120.563 3.25482 3.25845 3.25702 50.141 0.821984 0.993057 0 
200000 37 24 0.5 6.06217 0 198.678 78.1157 120.563 3.25482 3.25845 3.25702 50.141 0.821984 0.993057 0 
300000 37 26 0.5 6.27886 0 205.285 84.4714 120.813 3.2489 3.26522 3.25849 50.9443 0.80864 0.993974 0 
400000 47 26 0.500436 6.45627 0 238.319 84.9496 153.37 3.26729 3.26318 3.26465 54.9026 0.752091 0.993534 0 
500000 51 26 0.590637 6.38822 0 251.524 85.1277 166.396 3.27414 3.26268 3.26655 56.4224 0.732759 0.992855 0 
600000 53 28 0.51103 6.40408 0 264.758 91.5942 173.164 3.27122 3.26724 3.26861 57.8718 0.714466 0.993402 0 
700000 57 29 0.526536 6.39654 0 281.356 94.9326 186.424 3.27354 3.27059 3.27158 59.6459 0.693557 0.993814 0 
800000 58 30 0.388094 6.29624 0 287.987 98.156 189.831 3.27187 3.27296 3.27258 60.3351 0.685626 0.99413 0 
900000 60 33 0.459543 6.13208 0 304.554 107.79 196.764 3.26636 3.27941 3.27478 62.0555 0.667263 0.993835 0 
1000000 61 35 0.403277 6.1603 0 314.506 114.193 200.313 3.26267 3.28381 3.2761 63.0642 0.656918 0.993742 0 
1100000 61 36 0.465689 6.22838 0 317.831 117.378 200.453 3.2605 3.28612 3.27661 63.3894 0.653499 0.993968 0 
1200000 62 37 0.337151 6.18208 0 324.493 120.578 203.915 3.25887 3.28895 3.27771 64.0405 0.646874 0.994272 0 
1300000 62 37 0.337151 6.18208 0 324.493 120.578 203.915 3.25887 3.28895 3.27771 64.0405 0.646874 0.994272 0 
1400000 63 37 0.289083 6.17975 0 327.837 120.625 207.212 3.26013 3.28907 3.27837 64.3732 0.643732 0.994163 0 
1500000 65 37 0.280106 6.24987 0 334.495 120.732 213.763 3.26303 3.28867 3.27937 65.0589 0.637832 0.993086 0 
1600000 66 37 0.273634 6.30194 0 337.85 120.768 217.083 3.26399 3.28913 3.2801 65.3945 0.634898 0.992776 0 
1700000 66 38 0.299709 6.38538 0 341.164 123.945 217.219 3.26171 3.29119 3.28042 65.7017 0.631748 0.993159 0 
1800000 67 38 0.311094 6.45168 0 344.48 123.99 220.491 3.26289 3.29091 3.28077 66.0219 0.62878 0.993113 0 
1900000 68 38 0.353961 6.50499 0 347.807 124.033 223.774 3.26403 3.29079 3.2812 66.3552 0.625993 0.992653 0 
2000000 70 38 0.289608 6.62286 0 354.461 124.122 230.339 3.26636 3.29055 3.28204 66.9924 0.6203 0.992492 0 
2100000 72 42 0.276885 7.0498 0 374.318 136.854 237.464 3.25842 3.29811 3.28349 68.8277 0.603752 0.992942 0 
2200000 73 42 0.22819 7.10229 0 377.627 136.889 240.738 3.25926 3.29777 3.28371 69.1397 0.601215 0.992699 0 
2300000 73 42 0.22819 7.10229 0 377.627 136.889 240.738 3.25926 3.29777 3.28371 69.1397 0.601215 0.992699 0 
2400000 73 42 0.22819 7.10229 0 377.627 136.889 240.737 3.25926 3.29777 3.28371 69.1397 0.601215 0.992699 0 
2500000 73 42 0.22819 7.10229 0 377.627 136.889 240.738 3.25926 3.29777 3.28371 69.1397 0.601215 0.992699 0 
2600000 74 42 0.235542 7.16689 0 380.963 136.934 244.029 3.26034 3.29769 3.28417 69.4371 0.598595 0.992911 0 
2700000 74 42 0.235543 7.16689 0 380.963 136.935 244.028 3.26036 3.29768 3.28417 69.4371 0.598595 0.992911 0 
2800000 75 42 0.203877 7.20769 0 384.29 136.978 247.313 3.26137 3.29751 3.28453 69.7542 0.59619 0.992495 0 
2900000 76 43 0.251137 7.33621 0 390.923 140.194 250.729 3.26032 3.29907 3.28507 70.3476 0.591156 0.992665 0 
3000000 78 43 0.221676 7.46063 0 397.585 140.256 257.329 3.26177 3.29909 3.28583 70.9242 0.58615 0.993234 0 
3100000 78 43 0.221676 7.46063 0 397.585 140.256 257.329 3.26177 3.29909 3.28583 70.9242 0.58615 0.993234 0 
3200000 78 43 0.221676 7.46063 0 397.585 140.256 257.329 3.26177 3.29909 3.28583 70.9242 0.58615 0.993234 0 
3300000 79 43 0.185744 7.51374 0 400.923 140.288 260.635 3.26251 3.29917 3.28625 71.2098 0.583687 0.993552 0 
3400000 79 43 0.185744 7.51374 0 400.923 140.288 260.635 3.26251 3.29917 3.28625 71.2098 0.583687 0.993552 0 
3500000 81 44 0.141666 7.69403 0 410.863 143.542 267.322 3.26231 3.30027 3.28691 72.0916 0.576733 0.993431 0 
3600000 81 45 0.135633 7.77485 0 414.175 146.708 267.467 3.26018 3.30206 3.2871 72.3684 0.574353 0.993791 0 
3700000 81 45 0.135633 7.77485 0 414.175 146.708 267.467 3.26018 3.30206 3.2871 72.3684 0.574353 0.993791 0 
3800000 81 45 0.135634 7.77485 0 414.175 146.708 267.467 3.26018 3.30206 3.2871 72.3684 0.574353 0.993791 0 
3900000 81 45 0.135633 7.77485 0 414.175 146.708 267.467 3.26018 3.30206 3.2871 72.3684 0.574353 0.993791 0 
4000000 83 45 0.12957 7.90457 0 420.81 146.812 273.998 3.2625 3.30118 3.28758 72.9515 0.569933 0.993638 0 
4100000 83 46 0.0925941 7.97627 0 424.108 149.974 274.134 3.2603 3.30282 3.28766 73.2347 0.567711 0.993693 0 
4200000 84 46 0.0665528 8.03702 0 427.453 150.024 277.429 3.2614 3.30272 3.2881 73.5369 0.565668 0.993318 0 
4300000 85 47 0.063528 8.15891 0 434.098 153.237 280.862 3.26035 3.30426 3.28862 74.1166 0.56149 0.99304 0 
4400000 85 48 0.0627031 8.23448 0 437.399 156.374 281.025 3.25779 3.30617 3.28871 74.4054 0.559439 0.992838 0 
4500000 86 48 0.0945053 8.27895 0 440.747 156.413 284.334 3.25861 3.30621 3.28916 74.6917 0.557401 0.992783 0 
4600000 86 48 0.0945053 8.27895 0 440.747 156.413 284.334 3.25861 3.30621 3.28916 74.6917 0.557401 0.992783 0 
4700000 87 48 0.119126 8.34273 0 444.061 156.436 287.624 3.25909 3.30603 3.28934 74.9634 0.555285 0.993009 0 
4800000 87 48 0.119126 8.34273 0 444.061 156.436 287.624 3.25909 3.30603 3.28934 74.9634 0.555285 0.993009 0 
4900000 88 48 0.136439 8.39386 0 447.381 156.461 290.92 3.2596 3.30591 3.28957 75.2333 0.553186 0.993269 0 
5000000 89 48 0.125336 8.45144 0 450.731 156.497 294.234 3.26036 3.306 3.29001 75.5135 0.551193 0.993295 0 
5100000 89 48 0.125336 8.45144 0 450.731 156.497 294.234 3.26036 3.306 3.29001 75.5135 0.551193 0.993295 0 
5200000 89 49 0.138076 8.53132 0 454.051 159.67 294.38 3.25858 3.30764 3.29022 75.7935 0.549228 0.993231 0 
5300000 90 49 0.138164 8.58688 0 457.36 159.702 297.658 3.25922 3.30731 3.29036 76.0695 0.547263 0.993222 0 
5400000 91 49 0.145137 8.65365 0 460.677 159.729 300.948 3.25977 3.30712 3.29055 76.3543 0.545388 0.992978 0 
5500000 91 49 0.145137 8.65365 0 460.677 159.729 300.948 3.25977 3.30712 3.29055 76.3543 0.545388 0.992978 0 
5600000 92 50 0.155017 8.76676 0 467.282 162.932 304.35 3.25863 3.30816 3.29072 76.934 0.541789 0.992093 0 
5700000 94 50 0.0818499 8.87039 0 473.928 163.001 310.927 3.26002 3.30773 3.29116 77.5017 0.538206 0.991515 0 
5800000 94 51 0.0777178 8.94513 0 477.228 166.143 311.085 3.2577 3.30942 3.29123 77.7663 0.536319 0.991638 0 
5900000 94 51 0.0777178 8.94513 0 477.228 166.143 311.085 3.2577 3.30942 3.29123 77.7663 0.53632 0.991637 0 
6000000 96 51 0.0698268 9.02475 0 483.892 166.23 317.662 3.25941 3.30898 3.29178 78.3307 0.532862 0.991047 0 
6100000 96 51 0.0698269 9.02475 0 483.892 166.23 317.662 3.25941 3.30898 3.29178 78.3306 0.532861 0.991049 0 
6200000 98 52 0.0789836 9.19378 0 493.898 169.47 324.428 3.25904 3.31049 3.29265 79.1576 0.527717 0.990517 0 
6300000 100 53 0.0973875 9.35681 0 503.856 172.727 331.129 3.259 3.31129 3.29317 79.9765 0.522722 0.9899 0 
6400000 101 53 0.104927 9.41457 0 507.194 172.756 334.438 3.25955 3.31126 3.29347 80.2309 0.52098 0.990149 0 
6500000 101 53 0.104927 9.41457 0 507.194 172.756 334.438 3.25955 3.31126 3.29347 80.2309 0.52098 0.990148 0 
6600000 101 53 0.104927 9.41457 0 507.194 172.756 334.438 3.25955 3.31126 3.29347 80.2309 0.52098 0.990148 0 
6700000 101 53 0.104927 9.41457 0 507.194 172.756 334.438 3.25955 3.31126 3.29347 80.2309 0.52098 0.990148 0 
6800000 101 53 0.104927 9.41457 0 507.194 172.756 334.438 3.25955 3.31126 3.29347 80.2309 0.52098 0.990148 0 
6900000 101 53 0.104927 9.41457 0 507.194 172.756 334.438 3.25955 3.31126 3.29347 80.2309 0.52098 0.990148 0 
7000000 102 53 0.134237 9.4552 0 510.536 172.802 337.734 3.26041 3.31112 3.29378 80.5058 0.519392 0.98988 0 
7100000 104 53 0.0756512 9.56689 0 517.179 172.87 344.309 3.2617 3.31066 3.29413 81.0363 0.516155 0.989673 0 
7200000 106 54 0.0986578 9.74231 0 527.147 176.138 351.009 3.26182 3.31141 3.29467 81.857 0.511606 0.988621 0 
7300000 107 55 0.122198 9.86958 0 533.735 179.328 354.407 3.26051 3.31221 3.29466 82.411 0.50871 0.987564 0 
7400000 107 56 0.153032 9.93733 0 537.045 182.475 354.57 3.25848 3.31374 3.29476 82.6839 0.507263 0.987139 0 
7500000 108 56 0.170407 9.99658 0 540.382 182.519 357.864 3.25926 3.31355 3.29502 82.9311 0.505677 0.987362 0 
7600000 110 56 0.174012 10.1095 0 547.073 182.566 364.507 3.2601 3.3137 3.29562 83.4044 0.502436 0.988275 0 
7700000 110 56 0.174011 10.1095 0 547.073 182.566 364.507 3.2601 3.3137 3.29562 83.4044 0.502436 0.988274 0 
7800000 110 56 0.174011 10.1095 0 547.073 182.566 364.507 3.2601 3.3137 3.29562 83.4044 0.502436 0.988274 0 
7900000 111 56 0.161301 10.1653 0 550.442 182.596 367.845 3.26065 3.31392 3.29606 83.6556 0.500932 0.988397 0 
8000000 111 56 0.161301 10.1653 0 550.442 182.596 367.845 3.26065 3.31392 3.29606 83.6555 0.500931 0.988398 0 
8100000 111 56 0.161301 10.1653 0 550.442 182.596 367.845 3.26065 3.31392 3.29606 83.6555 0.500931 0.988398 0 
8200000 111 56 0.161301 10.1653 0 550.442 182.596 367.845 3.26065 3.31392 3.29606 83.6555 0.500931 0.988398 0 
8300000 112 56 0.132354 10.2007 0 553.757 182.625 371.131 3.26117 3.31367 3.29617 83.8874 0.49933 0.988862 0 
8400000 113 56 0.112809 10.2621 0 557.075 182.688 374.388 3.26228 3.31317 3.2963 84.162 0.498 0.988307 0 
8500000 114 57 0.0856981 10.3784 0 563.694 185.884 377.809 3.26113 3.31412 3.29645 84.686 0.49524 0.98771 0 
8600000 114 57 0.0856981 10.3784 0 563.694 185.885 377.809 3.26113 3.31412 3.29646 84.6863 0.495241 0.987705 0 
8700000 116 57 0.0491598 10.4779 0 570.357 185.957 384.4 3.2624 3.3138 3.29686 85.2115 0.492552 0.987097 0 
8800000 117 57 0.059275 10.5389 0 573.664 185.987 387.677 3.26292 3.31348 3.29692 85.4699 0.491206 0.986826 0 
8900000 117 59 0.0625153 10.683 0 580.258 192.292 387.966 3.25919 3.31595 3.29692 86.004 0.488659 0.985812 0 
9000000 118 59 0.0400916 10.727 0 583.602 192.325 391.277 3.25975 3.31591 3.29719 86.2436 0.487252 0.985992 0 
9100000 120 59 0.077989 10.8189 0 590.25 192.407 397.844 3.26113 3.31536 3.29749 86.7449 0.484609 0.985729 0 
9200000 121 61 0.155167 10.9829 0 600.139 198.73 401.408 3.25788 3.31742 3.29747 87.5301 0.480934 0.984344 0 
9300000 122 61 0.142455 11.0274 0 603.506 198.759 404.747 3.25834 3.3176 3.29785 87.773 0.479634 0.984395 0 
9400000 122 61 0.142455 11.0274 0 603.506 198.759 404.747 3.25834 3.3176 3.29785 87.7732 0.479635 0.984391 0 
9500000 122 61 0.142455 11.0274 0 603.506 198.761 404.746 3.25837 3.31759 3.29785 87.7732 0.479635 0.984391 0 
9600000 123 61 0.154104 11.0838 0 606.874 198.798 408.076 3.25899 3.31769 3.29823 88.0278 0.478412 0.984167 0 
9700000 124 61 0.132805 11.1332 0 610.227 198.845 411.382 3.25976 3.31759 3.29852 88.2941 0.477265 0.983644 0 
9800000 125 61 0.155961 11.1736 0 613.547 198.887 414.66 3.26045 3.31728 3.29864 88.5522 0.476087 0.983238 0 
9900000 126 61 0.154892 11.2246 0 616.876 198.918 417.958 3.26095 3.31713 3.2988 88.7957 0.474844 0.983157 0 
10000000 127 61 0.160437 11.2846 0 620.217 198.949 421.267 3.26147 3.31707 3.29902 89.0467 0.473653 0.982919 0 
10100000 127 62 0.152224 11.358 0 623.528 202.119 421.409 3.25999 3.31818 3.29909 89.3145 0.472563 0.982249 0 
10200000 128 62 0.149833 11.4232 0 626.843 202.138 424.705 3.26029 3.31801 3.29918 89.5699 0.47142 0.981849 0 
10300000 128 62 0.149833 11.4232 0 626.843 202.138 424.705 3.26029 3.31801 3.29918 89.5702 0.471422 0.981841 0 
10400000 128 63 0.124058 11.4893 0 630.13 205.286 424.844 3.25851 3.31909 3.29911 89.8375 0.470353 0.981126 0 
10500000 129 63 0.113118 11.536 0 633.452 205.319 428.133 3.25903 3.31886 3.29923 90.0716 0.469123 0.981178 0 
10600000 130 63 0.093574 11.5927 0 636.807 205.354 431.453 3.25958 3.31887 3.29952 90.3179 0.467968 0.981002 0 
10700000 130 63 0.0935739 11.5927 0 636.807 205.354 431.453 3.25958 3.31887 3.29952 90.3173 0.467966 0.981014 0 
10800000 132 63 0.130581 11.6969 0 643.406 205.422 437.984 3.26067 3.31806 3.29952 90.8381 0.465837 0.979848 0 
10900000 134 64 0.180727 11.8652 0 653.358 208.652 444.706 3.26019 3.3187 3.29979 91.6208 0.462732 0.978076 0 
11000000 134 64 0.180726 11.8652 0 653.359 208.656 444.702 3.26026 3.31867 3.29979 91.6223 0.462739 0.978045 0 
11100000 135 65 0.213907 11.9775 0 660.019 211.876 448.142 3.25964 3.31957 3.30009 92.1864 0.460932 0.975962 0 
11200000 136 66 0.200267 12.0985 0 666.63 215.057 451.573 3.25844 3.32039 3.30015 92.733 0.459074 0.97415 0 
11300000 136 66 0.200268 12.0985 0 666.631 215.058 451.573 3.25845 3.32039 3.30015 92.7354 0.459086 0.974102 0 
11400000 137 66 0.201666 12.1407 0 669.969 215.1 454.869 3.2591 3.32021 3.30034 93.0067 0.458161 0.973277 0 
11500000 137 66 0.201666 12.1407 0 669.97 215.101 454.869 3.2591 3.32021 3.30034 93.0075 0.458165 0.97326 0 
11600000 137 66 0.201666 12.1407 0 669.97 215.101 454.869 3.2591 3.32021 3.30034 93.0076 0.458165 0.973259 0 
11700000 138 66 0.173448 12.1857 0 673.312 215.13 458.182 3.25955 3.32016 3.30055 93.2442 0.457079 0.973157 0 
11800000 140 66 0.197501 12.2716 0 679.996 215.221 464.774 3.26093 3.31981 3.30095 93.7406 0.455052 0.972434 0 
11900000 140 67 0.240351 12.3146 0 683.281 218.344 464.937 3.25887 3.32098 3.30088 93.9984 0.454099 0.971781 0 
12000000 141 67 0.236321 12.3689 0 686.587 218.376 468.211 3.25934 3.32064 3.3009 94.2489 0.45312 0.971298 0 
12100000 141 67 0.236321 12.3689 0 686.587 218.376 468.211 3.25934 3.32064 3.3009 94.2489 0.45312 0.971298 0 
12200000 142 67 0.21806 12.422 0 689.946 218.406 471.54 3.25979 3.3207 3.30118 94.4789 0.452052 0.971305 0 
12300000 143 68 0.168894 12.5369 0 696.586 221.579 475.006 3.25852 3.32172 3.30135 94.9886 0.450183 0.970155 0 
12400000 145 68 0.188005 12.6533 0 703.228 221.658 481.57 3.25968 3.32117 3.30154 95.5174 0.448439 0.968592 0 
12500000 146 69 0.159092 12.7782 0 709.884 224.854 485.03 3.25876 3.32212 3.30178 96.0415 0.446705 0.967118 0 
12600000 146 69 0.159092 12.7782 0 709.884 224.855 485.03 3.25876 3.32212 3.30179 96.0431 0.446712 0.967086 0 
12700000 147 69 0.152669 12.8382 0 713.227 224.882 488.345 3.25915 3.32207 3.30198 96.2745 0.445715 0.966975 0 
12800000 147 69 0.152669 12.8382 0 713.226 224.882 488.345 3.25915 3.32207 3.30197 96.2739 0.445713 0.966985 0 
12900000 152 70 0.275218 13.1197 0 733.228 228.254 504.973 3.26077 3.32219 3.30283 97.8861 0.440929 0.961626 0 
13000000 153 70 0.280858 13.169 0 736.544 228.275 508.269 3.26107 3.32202 3.30289 98.1057 0.439936 0.961656 0 
13100000 153 70 0.280857 13.169 0 736.544 228.275 508.269 3.26107 3.32202 3.30289 98.1068 0.439941 0.961636 0 
13200000 153 71 0.322406 13.2131 0 739.838 231.423 508.415 3.25948 3.32298 3.30285 98.4002 0.439286 0.960185 0 
13300000 154 71 0.318849 13.2737 0 743.183 231.458 511.725 3.25997 3.32289 3.30304 98.6559 0.438471 0.959532 0 
13400000 154 72 0.301131 13.3414 0 746.491 234.621 511.869 3.25863 3.32383 3.30306 98.9305 0.437746 0.958459 0 
13500000 156 72 0.279953 13.4307 0 753.175 234.675 518.5 3.25938 3.32372 3.3034 99.3236 0.43563 0.959402 0 
13600000 157 72 0.247484 13.4716 0 756.48 234.721 521.759 3.26001 3.32331 3.30341 99.5665 0.434788 0.958916 0 
13700000 159 73 0.227457 13.6469 0 766.453 237.945 528.508 3.25952 3.32395 3.30368 100.341 0.432504 0.956618 0 
13800000 161 73 0.229466 13.7706 0 773.084 238.007 535.076 3.26037 3.32346 3.30378 100.871 0.431073 0.95478 0 
13900000 162 73 0.244262 13.8234 0 776.411 238.046 538.365 3.26091 3.32324 3.30388 101.132 0.430348 0.953953 0 
14000000 163 73 0.249991 13.8757 0 779.774 238.067 541.706 3.2612 3.32335 3.30413 101.359 0.429488 0.953791 0 
14100000 163 73 0.24999 13.8757 0 779.774 238.068 541.706 3.2612 3.32335 3.30413 101.361 0.429494 0.953762 0 
14200000 163 73 0.24999 13.8757 0 779.774 238.068 541.706 3.2612 3.32335 3.30413 101.361 0.429495 0.95376 0 
14300000 164 73 0.238934 13.9275 0 783.131 238.099 545.032 3.26163 3.32337 3.30435 101.583 0.42862 0.95368 0 
14400000 164 74 0.24748 13.9996 0 786.442 241.272 545.17 3.26043 3.32421 3.30438 101.868 0.428015 0.952368 0 
14500000 165 74 0.250412 14.0442 0 789.799 241.305 548.494 3.26087 3.32421 3.3046 102.108 0.427228 0.951941 0 
14600000 168 74 0.224319 14.2142 0 799.81 241.417 558.393 3.2624 3.32377 3.305 102.804 0.424808 0.950999 0 
14700000 169 74 0.244406 14.2747 0 803.109 241.462 561.647 3.263 3.32336 3.30498 103.042 0.42404 0.950513 0 
14800000 169 75 0.23578 14.3453 0 806.419 244.633 561.787 3.26177 3.32418 3.305 103.318 0.423436 0.949326 0 
14900000 172 75 0.233164 14.5092 0 816.397 244.718 571.679 3.26291 3.32371 3.30525 104.051 0.42126 0.94758 0 
15000000 175 75 0.224029 14.6651 0 826.417 244.806 581.612 3.26407 3.3235 3.30567 104.73 0.418921 0.946813 0 
15100000 175 77 0.275019 14.7887 0 833.04 251.137 581.903 3.26152 3.32516 3.30571 105.297 0.417846 0.94415 0 
15200000 176 77 0.28616 14.8493 0 836.354 251.171 585.183 3.26196 3.3249 3.30575 105.565 0.417253 0.943105 0 
15300000 176 77 0.28616 14.8493 0 836.355 251.172 585.183 3.26197 3.32491 3.30575 105.568 0.417266 0.943049 0 
15400000 177 77 0.287833 14.8988 0 839.681 251.198 588.483 3.26231 3.32476 3.30583 105.8 0.416537 0.942649 0 
15500000 177 78 0.266693 14.9626 0 842.99 254.367 588.623 3.26112 3.32555 3.30584 106.066 0.415944 0.941636 0 
15600000 179 78 0.292308 15.0553 0 849.63 254.434 595.196 3.26197 3.32512 3.30595 106.538 0.414544 0.940659 0 
15700000 181 78 0.299253 15.1475 0 856.342 254.501 601.84 3.26284 3.32508 3.30634 107.006 0.413149 0.93982 0 
15800000 183 78 0.332109 15.241 0 863.037 254.567 608.47 3.26368 3.32497 3.30665 107.504 0.411892 0.938407 0 
15900000 184 79 0.322373 15.3633 0 869.676 257.764 611.913 3.26283 3.32561 3.30675 108.037 0.410787 0.936315 0 
16000000 185 79 0.307233 15.4101 0 873.026 257.791 615.235 3.26317 3.3256 3.30692 108.261 0.410079 0.936039 0 
16100000 186 79 0.291966 15.4683 0 876.342 257.806 618.536 3.26337 3.32546 3.30695 108.523 0.40952 0.935063 0 
16200000 186 79 0.291969 15.4683 0 876.344 257.807 618.537 3.26338 3.32547 3.30696 108.528 0.409541 0.934972 0 
16300000 187 79 0.295442 15.5247 0 879.668 257.839 621.83 3.26378 3.32529 3.30702 108.777 0.408936 0.934231 0 
16400000 187 79 0.295443 15.5247 0 879.668 257.839 621.83 3.26378 3.32529 3.30702 108.777 0.408936 0.934232 0 
16500000 187 81 0.239532 15.6399 0 886.304 264.173 622.131 3.2614 3.3269 3.3071 109.316 0.407894 0.932028 0 
16600000 189 81 0.242937 15.7449 0 892.986 264.232 628.754 3.26212 3.32674 3.30735 109.772 0.406563 0.93126 0 
16700000 190 81 0.255782 15.8052 0 896.321 264.253 632.067 3.26239 3.32667 3.30746 110.024 0.405993 0.930458 0 
16800000 193 81 0.216277 15.9592 0 906.291 264.33 641.961 3.26333 3.32622 3.30763 110.737 0.404148 0.928744 0 
16900000 195 82 0.240456 16.1086 0 916.312 267.581 648.731 3.26318 3.32683 3.30798 111.482 0.402461 0.926501 0 
17000000 201 82 0.210425 16.3828 0 936.323 267.774 668.549 3.26553 3.32611 3.30856 112.849 0.39876 0.923932 0 
17100000 202 83 0.190432 16.4629 0 942.944 270.949 671.995 3.26444 3.32671 3.30857 113.372 0.397796 0.921903 0 
17200000 203 85 0.215987 16.6288 0 952.893 277.326 675.567 3.26266 3.32792 3.30866 114.199 0.396524 0.918183 0 
17300000 204 85 0.225951 16.6746 0 956.254 277.361 678.893 3.26307 3.32791 3.30884 114.44 0.395987 0.917541 0 
17400000 204 85 0.225948 16.6746 0 956.256 277.362 678.894 3.26308 3.32791 3.30884 114.445 0.396005 0.91746 0 
17500000 205 85 0.214434 16.7126 0 959.614 277.386 682.228 3.26336 3.32794 3.30901 114.639 0.395306 0.917578 0 
17600000 207 85 0.201383 16.8071 0 966.256 277.44 688.816 3.264 3.32761 3.30909 115.132 0.394289 0.916024 0 
17700000 208 85 0.20539 16.8534 0 969.603 277.476 692.127 3.26442 3.32754 3.30923 115.38 0.393789 0.915252 0 
17800000 208 86 0.181764 16.9108 0 972.921 280.634 692.288 3.26318 3.32831 3.30926 115.645 0.393351 0.914181 0 
17900000 208 86 0.181774 16.9108 0 972.925 280.636 692.29 3.26321 3.32832 3.30927 115.658 0.393395 0.913982 0 
18000000 210 86 0.146712 16.989 0 979.59 280.692 698.898 3.26386 3.32808 3.30943 116.071 0.392132 0.913704 0 
18100000 213 87 0.188178 17.1944 0 992.843 283.936 708.908 3.26363 3.3282 3.30948 117.037 0.390125 0.910837 0 
18200000 218 89 0.217045 17.4813 0 1016.15 290.397 725.75 3.26289 3.32913 3.30993 118.513 0.386036 0.909149 0 
18300000 220 89 0.229037 17.5711 0 1022.84 290.445 732.396 3.26342 3.32907 3.31016 118.928 0.384881 0.908756 0 
18400000 226 89 0.289228 17.8545 0 1042.8 290.601 752.194 3.26518 3.32829 3.31046 120.259 0.381776 0.906088 0 
18500000 229 89 0.28381 17.9966 0 1052.82 290.689 762.129 3.26616 3.32807 3.31075 120.928 0.380276 0.904714 0 
18600000 231 89 0.279969 18.073 0 1059.52 290.735 768.783 3.26669 3.32806 3.31099 121.323 0.379133 0.904555 0 
18700000 232 91 0.242272 18.246 0 1069.46 297.101 772.363 3.26485 3.32915 3.31104 122.077 0.377947 0.9018 0 
18800000 236 91 0.244269 18.4509 0 1082.8 297.2 785.602 3.26593 3.32882 3.31132 122.953 0.376004 0.900073 0 
18900000 238 91 0.262381 18.5548 0 1089.51 297.253 792.257 3.26651 3.32881 3.31158 123.377 0.375007 0.899437 0 
19000000 239 92 0.287767 18.6726 0 1096.14 300.466 795.676 3.26594 3.32919 3.31161 123.827 0.374099 0.898352 0 
19100000 239 94 0.306718 18.7945 0 1102.78 306.797 795.979 3.2638 3.33045 3.31164 124.357 0.373443 0.896106 0 
19200000 241 94 0.327461 18.8899 0 1109.46 306.864 802.597 3.26451 3.33028 3.31183 124.825 0.372611 0.894789 0 
19300000 241 94 0.327465 18.8899 0 1109.46 306.865 802.598 3.26453 3.33028 3.31183 124.83 0.372628 0.894708 0 
19400000 242 94 0.322107 18.9311 0 1112.8 306.892 805.908 3.26481 3.3302 3.31191 125.032 0.37212 0.894503 0 
19500000 243 94 0.305892 18.9735 0 1116.16 306.912 809.245 3.26502 3.33023 3.31204 125.224 0.371584 0.894461 0 
19600000 246 94 0.311223 19.1065 0 1126.17 306.982 819.19 3.26577 3.33004 3.31227 125.824 0.370072 0.893891 0 
19700000 247 94 0.318045 19.1513 0 1129.53 307.012 822.517 3.26609 3.33003 3.3124 126.025 0.369576 0.8937 0 
19800000 249 94 0.27491 19.2462 0 1136.16 307.058 829.101 3.26657 3.32972 3.31242 126.478 0.36874 0.892523 0 
19900000 251 95 0.246649 19.3824 0 1146.15 310.272 835.875 3.26603 3.33018 3.31256 127.141 0.36746 0.890999 0 
20000000 252 95 0.235438 19.4328 0 1149.51 310.306 839.199 3.26638 3.33016 3.3127 127.378 0.367084 0.890288 0 
20100000 254 97 0.249193 19.6176 0 1162.79 316.702 846.09 3.26497 3.33106 3.3128 128.254 0.365395 0.888326 0 
20200000 259 97 0.297324 19.851 0 1179.43 316.849 862.579 3.26649 3.33042 3.313 129.408 0.363506 0.885029 0 
20300000 261 98 0.299964 20.0104 0 1189.46 320.086 869.375 3.26619 3.33094 3.31326 130.087 0.36236 0.883265 0 
20400000 264 98 0.302821 20.1564 0 1199.48 320.161 879.318 3.26695 3.33075 3.31348 130.669 0.360965 0.882785 0 
20500000 265 98 0.331828 20.1978 0 1202.84 320.209 882.628 3.26744 3.33067 3.3136 130.875 0.360537 0.882476 0 
20600000 265 100 0.344559 20.3179 0 1209.45 326.534 882.914 3.26534 3.33175 3.31356 131.369 0.359915 0.880666 0 
20700000 266 100 0.363433 20.3712 0 1212.79 326.581 886.21 3.26581 3.33162 3.31364 131.624 0.359629 0.879677 0 
20800000 267 100 0.370074 20.4096 0 1216.15 326.611 889.535 3.26611 3.33159 3.31375 131.831 0.359214 0.879342 0 
20900000 267 100 0.370082 20.4096 0 1216.15 326.611 889.535 3.26611 3.33159 3.31375 131.834 0.35922 0.879313 0 
21000000 274 100 0.342525 20.7195 0 1239.59 326.798 912.788 3.26798 3.33134 3.3144 133.241 0.356259 0.877426 0 
21100000 274 100 0.34253 20.7194 0 1239.59 326.799 912.789 3.26799 3.33135 3.31441 133.247 0.356277 0.877343 0 
21200000 275 100 0.323366 20.7686 0 1242.93 326.832 916.095 3.26832 3.33126 3.31447 133.464 0.355904 0.876854 0 
21300000 278 101 0.320209 20.9383 0 1256.23 330.077 926.152 3.26809 3.33148 3.31459 134.318 0.3544 0.875009 0 
21400000 282 103 0.276899 21.2074 0 1276.23 336.506 939.724 3.26705 3.33236 3.31489 135.644 0.352323 0.871637 0 
21500000 284 104 0.270548 21.3523 0 1286.23 339.751 946.475 3.26684 3.33266 3.31502 136.292 0.351268 0.870133 0 
21600000 286 104 0.252168 21.4471 0 1292.9 339.802 953.096 3.26733 3.3325 3.31512 136.71 0.350539 0.869307 0 
21700000 289 105 0.291583 21.6127 0 1306.17 343.04 963.13 3.26705 3.33263 3.31515 137.596 0.349228 0.866961 0 
21800000 293 106 0.276159 21.8198 0 1322.86 346.315 976.542 3.26712 3.33291 3.31543 138.544 0.347229 0.866056 0 
21900000 297 107 0.32515 22.056 0 1339.51 349.622 989.886 3.2675 3.33295 3.31561 139.664 0.345703 0.862951 0 
22000000 301 107 0.316506 22.2216 0 1352.93 349.714 1003.22 3.26835 3.33295 3.31601 140.418 0.344163 0.862257 0 
22100000 303 111 0.34878 22.4875 0 1372.81 362.379 1010.43 3.26467 3.33476 3.31597 141.761 0.342418 0.858435 0 
22200000 308 111 0.354236 22.6831 0 1389.49 362.544 1026.95 3.26617 3.33425 3.31622 142.841 0.34091 0.855773 0 
22300000 311 111 0.391401 22.7972 0 1399.52 362.623 1036.9 3.26687 3.33408 3.3164 143.41 0.339833 0.85513 0 
22400000 316 111 0.419726 23.0159 0 1416.31 362.721 1053.59 3.26776 3.33414 3.31688 144.324 0.337994 0.854463 0 
22500000 318 111 0.441501 23.0849 0 1422.98 362.769 1060.21 3.26819 3.33398 3.31696 144.702 0.337301 0.854001 0 
22600000 321 111 0.434566 23.2081 0 1433 362.834 1070.17 3.26877 3.33386 3.31714 145.198 0.336107 0.854153 0 
22700000 323 111 0.415238 23.2982 0 1439.74 362.873 1076.87 3.26912 3.33397 3.31738 145.573 0.335421 0.85376 0 
22800000 327 111 0.422758 23.4717 0 1453.13 362.968 1090.16 3.26998 3.33382 3.31764 146.345 0.334122 0.852619 0 
22900000 330 111 0.435924 23.6049 0 1463.13 363.069 1100.06 3.27089 3.33352 3.31776 146.944 0.333206 0.851511 0 
23000000 330 114 0.451402 23.7483 0 1473.06 372.556 1100.51 3.26803 3.33487 3.31771 147.613 0.332462 0.849534 0 
23100000 330 114 0.451411 23.7483 0 1473.08 372.564 1100.52 3.2681 3.3349 3.31775 147.658 0.332563 0.849029 0 
23200000 332 115 0.480576 23.8954 0 1483.09 375.778 1107.31 3.26763 3.33528 3.31788 148.282 0.331728 0.847614 0 
23300000 334 115 0.484988 23.9789 0 1489.79 375.83 1113.96 3.26809 3.3352 3.31801 148.658 0.331087 0.847143 0 
23400000 336 115 0.470958 24.0594 0 1496.47 375.878 1120.59 3.26851 3.33508 3.31811 149.032 0.330447 0.84668 0 
23500000 342 115 0.437628 24.2909 0 1516.45 376.031 1140.42 3.26983 3.33457 3.31828 150.159 0.328575 0.845156 0 
23600000 346 116 0.476076 24.4958 0 1533.14 379.297 1153.84 3.2698 3.33479 3.31848 151.186 0.327242 0.842884 0 
23700000 351 118 0.462179 24.7811 0 1556.54 385.73 1170.81 3.2689 3.33565 3.31886 152.535 0.325235 0.84068 0 
23800000 358 118 0.493045 25.0594 0 1579.93 385.917 1194.01 3.27048 3.33522 3.31917 153.797 0.323104 0.839361 0 
23900000 361 119 0.495829 25.2474 0 1593.3 389.12 1204.18 3.26992 3.33566 3.31937 154.541 0.321959 0.838342 0 
24000000 366 119 0.45734 25.4594 0 1610.02 389.203 1220.82 3.27061 3.33556 3.31963 155.385 0.320382 0.837957 0 
24100000 369 121 0.46344 25.6679 0 1626.67 395.596 1231.08 3.26939 3.33625 3.31974 156.368 0.319118 0.836016 0 
24200000 374 121 0.50543 25.8496 0 1643.45 395.733 1247.71 3.27052 3.33613 3.32009 157.287 0.317751 0.834795 0 
24300000 378 121 0.508056 25.9915 0 1656.83 395.842 1260.99 3.27142 3.33594 3.3203 158.012 0.316657 0.833887 0 
24400000 379 122 0.525309 26.0679 0 1663.49 399.016 1264.47 3.27063 3.33634 3.32034 158.39 0.316148 0.833246 0 
24500000 384 122 0.550771 26.2506 0 1680.17 399.128 1281.04 3.27154 3.33605 3.3205 159.232 0.314687 0.832732 0 
24600000 384 122 0.550771 26.2506 0 1680.19 399.132 1281.05 3.27158 3.33608 3.32052 159.251 0.314726 0.832532 0 
24700000 388 122 0.552113 26.397 0 1693.57 399.215 1294.36 3.27226 3.33597 3.32073 159.916 0.31356 0.832208 0 
24800000 391 122 0.558036 26.5142 0 1703.66 399.267 1304.39 3.27268 3.33604 3.32097 160.375 0.312621 0.832381 0 
24900000 393 122 0.55312 26.6014 0 1710.36 399.319 1311.04 3.2731 3.33599 3.32109 160.748 0.312131 0.831782 0 
25000000 395 123 0.536841 26.7133 0 1720.35 402.542 1317.81 3.2727 3.33623 3.32114 161.323 0.311433 0.830687 0 
25100000 404 124 0.507198 27.0814 0 1753.79 405.88 1347.91 3.27323 3.33642 3.32158 163.003 0.308719 0.829459 0 
25200000 407 125 0.475763 27.235 0 1767.15 409.111 1358.04 3.27289 3.3367 3.32171 163.716 0.307737 0.828514 0 
25300000 416 126 0.495289 27.6021 0 1800.56 412.429 1388.13 3.27324 3.33685 3.32206 165.395 0.305156 0.827131 0 
25400000 418 128 0.519474 27.7705 0 1813.93 418.816 1395.11 3.272 3.33759 3.32222 166.146 0.304297 0.825753 0 
25500000 420 128 0.515205 27.8456 0 1820.65 418.868 1401.79 3.27241 3.33759 3.32236 166.509 0.303848 0.825206 0 
25600000 424 128 0.521154 27.9891 0 1834.04 418.933 1415.1 3.27291 3.33751 3.32253 167.129 0.30277 0.825114 0 
25700000 430 128 0.525905 28.2069 0 1854.14 419.072 1435.07 3.274 3.33737 3.32283 168.175 0.301389 0.823812 0 
25800000 433 130 0.545895 28.3969 0 1870.84 425.479 1445.36 3.27291 3.33801 3.32298 169.101 0.300357 0.822157 0 
25900000 436 131 0.524519 28.5336 0 1884.15 428.732 1455.41 3.27276 3.33811 3.32301 169.862 0.29958 0.820604 0 
26000000 442 131 0.523893 28.7384 0 1904.22 428.847 1475.37 3.27364 3.33795 3.32324 170.808 0.298093 0.820186 0 
26100000 448 131 0.465087 28.9464 0 1924.27 428.942 1495.33 3.27437 3.33779 3.32344 171.793 0.296707 0.819342 0 
26200000 452 133 0.371745 29.142 0 1944.33 435.418 1508.91 3.27382 3.33831 3.32364 172.798 0.295381 0.818284 0 
26300000 459 133 0.340188 29.3852 0 1967.76 435.546 1532.21 3.27478 3.33815 3.32391 173.897 0.293745 0.817705 0 
26400000 462 133 0.381804 29.4827 0 1977.77 435.6 1542.17 3.27519 3.33803 3.32399 174.447 0.293188 0.816695 0 
26500000 467 133 0.387338 29.652 0 1994.5 435.684 1558.82 3.27582 3.33794 3.32417 175.283 0.292139 0.815761 0 
26600000 473 136 0.435798 29.9898 0 2024.65 445.309 1579.34 3.27433 3.33899 3.32455 176.702 0.290151 0.81485 0 
26700000 475 137 0.426597 30.1007 0 2034.69 448.522 1586.16 3.27389 3.33929 3.32465 177.274 0.289664 0.813609 0 
26800000 480 138 0.45605 30.3329 0 2054.77 451.779 1602.99 3.27376 3.33957 3.32487 178.271 0.288464 0.812482 0 
26900000 485 138 0.439808 30.5223 0 2071.46 451.884 1619.58 3.27452 3.33933 3.32498 179.07 0.287432 0.811785 0 
27000000 487 138 0.454968 30.59 0 2078.15 451.921 1626.22 3.27479 3.33927 3.32503 179.405 0.287049 0.811362 0 
27100000 491 139 0.451728 30.7893 0 2094.83 455.153 1639.68 3.27448 3.33947 3.32513 180.199 0.286031 0.810685 0 
27200000 499 139 0.419476 31.041 0 2121.71 455.289 1666.42 3.27546 3.33952 3.32556 181.388 0.284307 0.810362 0 
27300000 504 141 0.466114 31.2745 0 2145.09 461.751 1683.34 3.27483 3.33996 3.32572 182.511 0.282963 0.809241 0 
27400000 509 142 0.497322 31.4842 0 2165.21 465.003 1700.21 3.27467 3.34029 3.32598 183.451 0.281798 0.808485 0 
27500000 514 142 0.491184 31.6666 0 2181.9 465.108 1716.79 3.27541 3.34007 3.32607 184.234 0.280844 0.807805 0 
27600000 520 142 0.534066 31.8733 0 2202.02 465.222 1736.8 3.27621 3.33999 3.32631 185.207 0.279769 0.806704 0 
27700000 522 143 0.515603 31.9753 0 2212.08 468.416 1743.66 3.27564 3.34035 3.32643 185.683 0.279223 0.80624 0 
27800000 528 143 0.511727 32.187 0 2232.18 468.555 1763.63 3.27661 3.3402 3.32665 186.684 0.278217 0.80487 0 
27900000 535 145 0.552352 32.5051 0 2262.2 474.987 1787.21 3.27577 3.34058 3.32676 188.08 0.276588 0.80363 0 
28000000 543 146 0.566756 32.8041 0 2292.31 478.304 1814 3.27605 3.34071 3.32701 189.454 0.27497 0.802554 0 
28100000 546 146 0.541423 32.8768 0 2302.34 478.351 1823.99 3.27638 3.34065 3.32709 189.889 0.274406 0.802383 0 
28200000 552 147 0.508836 33.108 0 2325.76 481.613 1844.15 3.27628 3.34085 3.32727 190.89 0.27309 0.802062 0 
28300000 553 147 0.527435 33.1432 0 2329.15 481.637 1847.51 3.27644 3.34089 3.32736 191.083 0.272976 0.801611 0 
28400000 557 147 0.583861 33.2665 0 2342.54 481.71 1860.83 3.27694 3.34081 3.32748 191.739 0.272357 0.800709 0 
28500000 569 148 0.611687 33.6851 0 2386.04 485.093 1900.94 3.27766 3.34085 3.32781 193.72 0.270181 0.798986 0 
28600000 574 149 0.648045 33.9131 0 2406.15 488.346 1917.8 3.27749 3.34111 3.328 194.677 0.269263 0.797817 0 
28700000 576 149 0.641795 33.9688 0 2412.81 488.371 1924.44 3.27766 3.34104 3.32802 194.988 0.26895 0.797473 0 
28800000 580 149 0.609155 34.0753 0 2426.22 488.455 1937.76 3.27822 3.34097 3.32814 195.643 0.268371 0.796547 0 
28900000 590 150 0.60245 34.4475 0 2462.98 491.845 1971.14 3.27897 3.34091 3.32835 197.326 0.266657 0.794882 0 
29000000 597 150 0.617459 34.6837 0 2486.38 491.939 1994.44 3.27959 3.34077 3.32848 198.338 0.265512 0.794268 0 
29100000 602 151 0.621828 34.8788 0 2506.49 495.18 2011.31 3.27934 3.34104 3.32867 199.108 0.26442 0.794505 0 
29200000 608 151 0.634906 35.0514 0 2526.61 495.236 2031.38 3.27971 3.34108 3.32887 199.912 0.263389 0.794455 0 
29300000 611 154 0.66662 35.2422 0 2546.63 504.839 2041.79 3.27818 3.34172 3.32893 200.866 0.26257 0.793165 0 
29400000 620 155 0.603146 35.5384 0 2580.12 508.158 2071.96 3.27844 3.34188 3.32919 202.292 0.261022 0.792305 0 
29500000 630 155 0.541341 35.8249 0 2613.53 508.353 2105.18 3.27969 3.34156 3.32934 203.798 0.259615 0.79075 0 
29600000 635 158 0.5453 36.0686 0 2640.3 517.984 2122.32 3.27838 3.34223 3.32951 205.017 0.258533 0.789377 0 
29700000 645 159 0.473177 36.4335 0 2677.08 521.307 2155.77 3.27866 3.34228 3.3297 206.582 0.256942 0.788293 0 
29800000 653 162 0.426961 36.7768 0 2713.82 530.937 2182.88 3.27739 3.34286 3.32984 208.146 0.255393 0.787148 0 
29900000 661 163 0.433625 37.0497 0 2743.94 534.232 2209.71 3.27749 3.34298 3.33002 209.429 0.254161 0.786163 0 
30000000 675 163 0.413127 37.4455 0 2790.72 534.442 2256.28 3.27879 3.34264 3.33022 211.261 0.252101 0.785759 0 
30100000 681 163 0.449608 37.6308 0 2810.86 534.513 2276.34 3.27922 3.34265 3.3304 212.024 0.251214 0.785738 0 
30200000 684 164 0.46853 37.7528 0 2824.27 537.761 2286.5 3.27903 3.34284 3.3305 212.616 0.250726 0.785097 0 
30300000 687 164 0.455254 37.8386 0 2834.39 537.796 2296.6 3.27925 3.34294 3.33066 213.048 0.25035 0.784724 0 
30400000 693 164 0.453344 37.9978 0 2854.55 537.893 2316.65 3.27983 3.34293 3.33086 213.839 0.24952 0.784465 0 
30500000 698 165 0.465379 38.1787 0 2874.61 541.159 2333.45 3.27975 3.34305 3.33095 214.633 0.248706 0.784144 0 
30600000 705 165 0.461459 38.3823 0 2898.17 541.237 2356.94 3.28022 3.34317 3.33123 215.524 0.247729 0.784047 0 
30700000 714 166 0.457496 38.6902 0 2931.6 544.513 2387.08 3.2802 3.34325 3.33136 216.779 0.246339 0.783936 0 
30800000 719 168 0.473842 38.8826 0 2955.02 550.917 2404.1 3.27927 3.34367 3.33147 217.737 0.245475 0.783261 0 
30900000 728 170 0.521106 39.2099 0 2991.82 557.394 2434.43 3.27879 3.344 3.33165 219.24 0.244143 0.782178 0 
31000000 741 171 0.489753 39.6071 0 3038.61 560.731 2477.88 3.27913 3.34396 3.33181 221.041 0.242369 0.781521 0 
31100000 754 171 0.507406 39.9325 0 3082.28 560.916 2521.36 3.28021 3.34398 3.33219 222.727 0.240785 0.780796 0 
31200000 766 172 0.486572 40.2942 0 3125.8 564.226 2561.58 3.28038 3.34409 3.33241 224.41 0.239243 0.779985 0 
31300000 777 174 0.410327 40.6625 0 3169.23 570.755 2598.48 3.2802 3.34425 3.33253 226.02 0.237666 0.779596 0 
31400000 792 175 0.377187 41.0923 0 3222.87 574.129 2648.74 3.28074 3.34437 3.33286 228.007 0.235788 0.779032 0 
31500000 799 176 0.332434 41.3236 0 3249.72 577.408 2672.31 3.28073 3.34457 3.33304 229.064 0.234938 0.778289 0 
31600000 804 177 0.342445 41.4788 0 3269.83 580.643 2689.19 3.28047 3.34476 3.33316 229.851 0.234303 0.777753 0 
31700000 812 177 0.370562 41.6997 0 3296.65 580.749 2715.9 3.28107 3.3447 3.33331 230.854 0.233422 0.777332 0 
31800000 818 178 0.325007 41.8968 0 3320.15 584.019 2736.13 3.28101 3.3449 3.33348 231.763 0.232693 0.776748 0 
31900000 821 179 0.333179 42.014 0 3333.51 587.21 2746.29 3.2805 3.34506 3.33351 232.299 0.232299 0.776274 0 
32000000 821 179 0.333176 42.014 0 3333.52 587.214 2746.31 3.28053 3.34507 3.33352 232.343 0.232343 0.775987 0 
32100000 821 179 0.333173 42.014 0 3333.54 587.219 2746.32 3.28055 3.34509 3.33354 232.374 0.232374 0.775786 0 
32200000 821 179 0.333171 42.014 0 3333.55 587.223 2746.33 3.28057 3.3451 3.33355 232.393 0.232393 0.775658 0 
32300000 821 179 0.33317 42.014 0 3333.56 587.225 2746.33 3.28059 3.34511 3.33356 232.405 0.232405 0.775581 0 
32400000 821 179 0.333169 42.014 0 3333.57 587.226 2746.34 3.28059 3.34511 3.33357 232.412 0.232412 0.775535 0 
32500000 821 179 0.333168 42.014 0 3333.57 587.227 2746.34 3.2806 3.34512 3.33357 232.416 0.232416 0.775508 0 
32600000 821 179 0.333168 42.014 0 3333.57 587.228 2746.34 3.2806 3.34512 3.33357 232.419 0.232419 0.775491 0 
32700000 821 179 0.333168 42.014 0 3333.57 587.228 2746.34 3.2806 3.34512 3.33357 232.42 0.23242 0.775482 0 
32800000 821 179 0.333168 42.014 0 3333.57 587.228 2746.34 3.2806 3.34512 3.33357 232.421 0.232421 0.775476 0 
